(0.2, 1.0, -0.1) (0.0, 0.0, 0.0) (36.8, 187.6, 25.7)
(0.1, 1.1, -0.1) (0.0, 0.0, 0.0) (22.9, 183.9, 6.5)
(0.1, 1.1, -0.1) (0.0, 0.0, 0.0) (22.8, 183.9, 6.5)
(0.1, 1.1, -0.1) (0.0, 0.0, 0.0) (22.4, 186.4, 6.1)
(0.1, 1.1, -0.1) (0.0, 0.0, 0.0) (21.1, 201.0, 6.8)
(0.1, 1.1, -0.1) (0.0, 0.0, 0.0) (19.3, 227.8, 8.5)
(0.1, 1.1, 0.0) (0.0, 0.0, 0.0) (17.0, 245.8, 7.1)
(0.1, 1.1, 0.0) (0.0, 0.0, 0.0) (16.6, 257.8, 5.8)
(0.1, 1.1, 0.0) (0.0, 0.0, 0.0) (16.4, 260.3, 4.9)
(0.1, 1.1, 0.0) (0.0, 0.0, 0.0) (16.6, 257.7, 5.1)
(0.1, 1.1, 0.0) (0.0, 0.0, 0.0) (19.1, 246.7, 3.9)
(0.1, 1.1, -0.1) (0.0, 0.0, 0.0) (25.1, 212.6, 0.2)
(0.1, 1.1, -0.1) (0.0, 0.0, 0.0) (26.1, 179.5, 357.2)
(0.1, 1.1, -0.1) (0.0, 0.0, 0.0) (27.4, 155.1, 355.4)
(0.2, 1.1, -0.1) (0.0, 0.0, 0.0) (25.3, 123.3, 350.6)
(0.2, 1.1, -0.1) (0.0, 0.0, 0.0) (22.2, 91.6, 351.3)
(0.2, 1.1, 0.0) (0.0, 0.0, 0.0) (20.8, 73.2, 354.0)
(0.1, 1.1, 0.0) (0.0, 0.0, 0.0) (18.9, 48.8, 359.8)
(0.1, 1.1, 0.0) (0.0, 0.0, 0.0) (20.7, 43.9, 1.4)
(0.1, 1.1, 0.0) (0.0, 0.0, 0.0) (19.9, 43.0, 1.9)
(0.1, 1.1, 0.0) (0.0, 0.0, 0.0) (19.1, 43.3, 3.7)
(0.1, 1.1, 0.0) (0.0, 0.0, 0.0) (17.0, 46.6, 6.7)
(0.0, 1.1, 0.0) (0.0, 0.0, 0.0) (13.5, 49.3, 6.3)
(0.0, 1.1, 0.0) (0.0, 0.0, 0.0) (14.3, 51.7, 4.9)
(0.0, 1.1, 0.0) (0.0, 0.0, 0.0) (14.7, 49.4, 3.4)
(0.1, 1.1, 0.0) (0.0, 0.0, 0.0) (16.2, 45.8, 2.3)
(0.1, 1.1, 0.0) (0.0, 0.0, 0.0) (16.9, 49.9, 2.6)
(0.1, 1.1, 0.0) (0.0, 0.0, 0.0) (16.4, 52.8, 3.1)
(0.1, 1.1, 0.0) (0.0, 0.0, 0.0) (16.8, 52.8, 4.5)
(0.1, 1.1, 0.0) (0.0, 0.0, 0.0) (16.1, 51.2, 6.6)
(0.2, 1.1, 0.0) (0.0, 0.0, 0.0) (15.0, 48.1, 5.4)
(0.2, 1.1, 0.0) (0.0, 0.0, 0.0) (15.9, 50.5, 5.7)
(0.2, 1.1, 0.1) (0.0, 0.0, 0.0) (17.7, 48.6, 3.4)
(0.2, 1.1, 0.1) (0.0, 0.0, 0.0) (17.9, 49.1, 2.7)
(0.2, 1.1, 0.0) (0.0, 0.0, 0.0) (19.3, 50.3, 1.3)
(0.2, 1.1, 0.0) (0.0, 0.0, 0.0) (20.6, 49.0, 359.4)
(0.2, 1.0, 0.1) (0.0, 0.0, 0.0) (24.1, 46.1, 357.4)
(0.3, 1.0, 0.1) (0.0, 0.0, 0.0) (27.3, 42.4, 354.9)
(0.3, 1.0, 0.0) (0.0, 0.0, 0.0) (24.8, 43.8, 354.2)
(0.3, 1.0, 0.0) (0.0, 0.0, 0.0) (24.8, 45.0, 354.1)
(0.3, 1.0, 0.1) (0.0, 0.0, 0.0) (25.3, 43.9, 354.1)
(0.3, 1.0, 0.1) (0.0, 0.0, 0.0) (25.3, 42.9, 352.8)
(0.3, 1.0, 0.1) (0.0, 0.0, 0.0) (25.0, 43.6, 353.3)
(0.3, 1.0, 0.1) (0.0, 0.0, 0.0) (25.3, 44.3, 354.8)
(0.3, 1.0, 0.1) (0.0, 0.0, 0.0) (24.8, 45.0, 354.8)
(0.3, 1.0, 0.1) (0.0, 0.0, 0.0) (25.3, 45.2, 354.9)
(0.3, 1.0, 0.1) (0.0, 0.0, 0.0) (25.4, 45.1, 354.6)
(0.3, 1.0, 0.1) (0.0, 0.0, 0.0) (25.3, 45.1, 354.6)
(0.3, 1.0, 0.1) (0.0, 0.0, 0.0) (25.4, 45.1, 354.6)
(0.3, 1.0, 0.1) (0.0, 0.0, 0.0) (25.4, 45.0, 354.5)
(0.3, 1.0, 0.1) (0.0, 0.0, 0.0) (25.3, 45.0, 354.5)
(0.3, 1.0, 0.1) (0.0, 0.0, 0.0) (25.3, 45.0, 354.5)
(0.3, 1.0, 0.1) (0.0, 0.0, 0.0) (25.3, 45.0, 354.5)
(0.3, 1.0, 0.1) (0.0, 0.0, 0.0) (25.3, 45.1, 354.6)
(0.3, 1.0, 0.1) (0.0, 0.0, 0.0) (25.2, 45.2, 354.7)
(0.3, 1.0, 0.1) (0.0, 0.0, 0.0) (25.3, 45.3, 354.8)
(0.3, 1.0, 0.1) (0.0, 0.0, 0.0) (25.4, 45.2, 354.7)
(0.3, 1.0, 0.1) (0.0, 0.0, 0.0) (27.0, 44.6, 353.7)
(0.3, 1.0, 0.1) (0.0, 0.0, 0.0) (26.8, 44.6, 353.7)
(0.3, 1.0, 0.1) (0.0, 0.0, 0.0) (26.5, 44.6, 353.7)
(0.3, 1.0, 0.1) (0.0, 0.0, 0.0) (26.3, 44.7, 353.8)
(0.3, 1.0, 0.1) (0.0, 0.0, 0.0) (26.3, 44.7, 353.8)
(0.3, 1.0, 0.1) (0.0, 0.0, 0.0) (26.3, 44.9, 353.9)
(1.8, 1.0, 2.3) (1.6, 0.0, 2.4) (26.2, 69.0, 354.0)
(1.8, 1.0, 2.3) (1.6, 0.0, 2.4) (26.2, 69.1, 354.0)
(1.8, 1.0, 2.3) (1.6, 0.0, 2.4) (26.1, 69.2, 354.2)
(1.8, 1.0, 2.3) (1.6, 0.0, 2.4) (25.5, 70.2, 354.6)
(0.0, 1.1, 0.5) (-0.2, 0.0, 0.8) (21.3, 127.4, 1.0)
(-0.1, 1.1, 0.5) (-0.2, 0.0, 0.8) (16.8, 171.2, 6.9)
(-0.2, 1.1, 0.5) (-0.2, 0.0, 0.8) (14.4, 213.5, 6.3)
(-0.3, 1.1, 0.6) (-0.2, 0.0, 0.8) (17.5, 239.0, 5.1)
(-0.3, 1.1, 0.6) (-0.2, 0.0, 0.8) (22.8, 237.1, 0.4)
(-0.3, 1.1, 0.6) (-0.2, 0.0, 0.8) (26.5, 239.1, 354.0)
(-0.3, 1.1, 0.6) (-0.2, 0.0, 0.8) (28.0, 243.2, 352.5)
(-0.3, 1.1, 0.6) (-0.2, 0.0, 0.8) (27.8, 243.7, 352.5)
(-0.3, 1.1, 0.6) (-0.2, 0.0, 0.8) (28.1, 241.8, 352.6)
(-0.3, 1.1, 0.6) (-0.2, 0.0, 0.8) (28.6, 244.5, 354.4)
(-0.2, 1.1, 0.6) (-0.2, 0.0, 0.8) (26.8, 243.1, 354.9)
(-0.2, 1.1, 0.6) (-0.2, 0.0, 0.8) (24.4, 240.3, 355.0)
(-0.2, 1.1, 0.6) (-0.2, 0.0, 0.8) (25.4, 239.6, 354.6)
(-0.2, 1.1, 0.6) (-0.2, 0.0, 0.8) (24.7, 239.2, 355.1)
(-0.2, 1.1, 0.6) (-0.2, 0.0, 0.8) (24.0, 238.4, 355.7)
(-0.2, 1.1, 0.6) (-0.2, 0.0, 0.8) (24.0, 238.4, 355.8)
(-0.2, 1.1, 0.6) (-0.2, 0.0, 0.8) (24.0, 238.6, 355.6)
(-0.2, 1.1, 0.6) (-0.2, 0.0, 0.8) (23.9, 238.1, 355.7)
(-0.2, 1.1, 0.6) (-0.2, 0.0, 0.8) (23.6, 238.2, 355.7)
(-0.2, 1.1, 0.6) (-0.2, 0.0, 0.8) (23.7, 237.9, 355.8)
(-0.2, 1.1, 0.6) (-0.2, 0.0, 0.8) (23.7, 237.9, 356.0)
(-0.2, 1.1, 0.6) (-0.2, 0.0, 0.8) (23.7, 237.8, 355.9)
(-0.2, 1.1, 0.6) (-0.2, 0.0, 0.8) (23.5, 237.9, 355.9)
(-0.2, 1.1, 0.6) (-0.2, 0.0, 0.8) (23.6, 237.8, 356.1)
(-0.2, 1.1, 0.6) (-0.2, 0.0, 0.8) (23.6, 237.8, 356.1)
(0.2, 1.1, 0.0) (0.0, 0.0, 0.0) (9.8, 148.6, 34.9)
(0.2, 1.1, -0.1) (0.0, 0.0, 0.0) (9.5, 167.6, 17.2)
(0.2, 1.1, -0.1) (0.0, 0.0, 0.0) (9.5, 167.7, 17.2)
(0.2, 1.1, -0.1) (0.0, 0.0, 0.0) (9.2, 167.8, 16.7)
(0.2, 1.1, -0.1) (0.0, 0.0, 0.0) (10.3, 169.0, 15.1)
(0.2, 1.1, -0.1) (0.0, 0.0, 0.0) (11.5, 170.0, 14.4)
(0.1, 1.1, -0.1) (0.0, 0.0, 0.0) (13.0, 184.6, 13.8)
(0.1, 1.1, -0.1) (0.0, 0.0, 0.0) (17.7, 214.1, 14.4)
(0.0, 1.1, -0.1) (0.0, 0.0, 0.0) (19.2, 225.2, 12.5)
(0.0, 1.1, -0.1) (0.0, 0.0, 0.0) (17.0, 229.0, 8.2)
(0.0, 1.1, -0.1) (0.0, 0.0, 0.0) (14.4, 231.6, 4.7)
(0.0, 1.1, -0.1) (0.0, 0.0, 0.0) (13.6, 231.7, 2.5)
(0.0, 1.1, -0.1) (0.0, 0.0, 0.0) (14.1, 228.6, 2.7)
(0.0, 1.1, -0.1) (0.0, 0.0, 0.0) (13.2, 225.1, 2.4)
(0.0, 1.1, -0.1) (0.0, 0.0, 0.0) (13.1, 210.4, 1.0)
(0.1, 1.1, -0.1) (0.0, 0.0, 0.0) (14.4, 183.4, 359.0)
(0.1, 1.1, -0.1) (0.0, 0.0, 0.0) (11.2, 166.3, 356.2)
(0.2, 1.1, -0.1) (0.0, 0.0, 0.0) (6.4, 134.0, 353.5)
(0.2, 1.1, 0.0) (0.0, 0.0, 0.0) (3.6, 114.8, 355.2)
(0.2, 1.1, 0.0) (0.0, 0.0, 0.0) (4.8, 106.1, 2.7)
(0.2, 1.1, 0.0) (0.0, 0.0, 0.0) (2.3, 97.1, 10.5)
(0.2, 1.1, 0.0) (0.0, 0.0, 0.0) (3.8, 91.9, 15.3)
(0.2, 1.1, 0.0) (0.0, 0.0, 0.0) (4.7, 101.1, 17.7)
(0.2, 1.1, 0.0) (0.0, 0.0, 0.0) (2.0, 119.8, 15.5)
(0.2, 1.1, 0.0) (0.0, 0.0, 0.0) (0.2, 128.0, 11.1)
(0.2, 1.1, 0.0) (0.0, 0.0, 0.0) (358.9, 136.6, 9.0)
(0.2, 1.1, 0.0) (0.0, 0.0, 0.0) (359.1, 140.8, 7.1)
(0.2, 1.1, 0.0) (0.0, 0.0, 0.0) (358.4, 141.0, 6.7)
(0.2, 1.1, 0.0) (0.0, 0.0, 0.0) (358.4, 141.8, 6.2)
(0.2, 1.1, 0.0) (0.0, 0.0, 0.0) (1.0, 148.1, 6.2)
(0.1, 1.1, -0.1) (0.0, 0.0, 0.0) (17.4, 172.3, 3.3)
(0.1, 1.1, -0.1) (0.0, 0.0, 0.0) (16.6, 178.2, 2.4)
(0.1, 1.1, -0.1) (0.0, 0.0, 0.0) (15.7, 185.1, 2.7)
(0.1, 1.1, -0.1) (0.0, 0.0, 0.0) (15.5, 193.6, 2.4)
(0.1, 1.1, -0.1) (0.0, 0.0, 0.0) (16.3, 200.2, 0.9)
(0.1, 1.1, -0.1) (0.0, 0.0, 0.0) (16.3, 206.7, 359.3)
(0.1, 1.1, -0.1) (0.0, 0.0, 0.0) (15.0, 208.5, 0.2)
(0.1, 1.1, -0.1) (0.0, 0.0, 0.0) (17.1, 212.1, 357.8)
(0.1, 1.1, -0.1) (0.0, 0.0, 0.0) (22.0, 217.8, 356.9)
(0.1, 1.1, -0.1) (0.0, 0.0, 0.0) (27.7, 219.6, 357.9)
(0.1, 1.1, -0.1) (0.0, 0.0, 0.0) (28.3, 221.5, 357.6)
(0.1, 1.1, -0.1) (0.0, 0.0, 0.0) (28.4, 220.8, 358.7)
(0.1, 1.1, -0.1) (0.0, 0.0, 0.0) (28.6, 220.0, 358.6)
(0.1, 1.1, -0.1) (0.0, 0.0, 0.0) (28.2, 219.8, 358.4)
(0.1, 1.1, -0.1) (0.0, 0.0, 0.0) (28.6, 220.3, 358.3)
(0.1, 1.1, -0.1) (0.0, 0.0, 0.0) (27.0, 221.2, 358.4)
(0.1, 1.1, -0.1) (0.0, 0.0, 0.0) (25.6, 220.3, 358.6)
(0.1, 1.1, -0.1) (0.0, 0.0, 0.0) (23.2, 221.8, 0.4)
(0.1, 1.1, -0.1) (0.0, 0.0, 0.0) (16.3, 233.1, 6.0)
(0.1, 1.1, -0.1) (0.0, 0.0, 0.0) (11.0, 237.6, 4.9)
(0.1, 1.1, -0.1) (0.0, 0.0, 0.0) (8.5, 236.1, 2.7)
(0.1, 1.1, -0.1) (0.0, 0.0, 0.0) (8.9, 234.2, 2.0)
(0.1, 1.1, -0.1) (0.0, 0.0, 0.0) (9.2, 227.5, 0.1)
(0.2, 1.1, -0.1) (0.0, 0.0, 0.0) (8.9, 219.6, 359.7)
(0.1, 1.1, -0.1) (0.0, 0.0, 0.0) (9.5, 222.0, 1.1)
(0.1, 1.1, -0.1) (0.0, 0.0, 0.0) (11.8, 221.4, 359.9)
(0.1, 1.1, -0.1) (0.0, 0.0, 0.0) (13.1, 221.2, 359.2)
(0.1, 1.1, -0.1) (0.0, 0.0, 0.0) (13.1, 220.6, 358.9)
(0.1, 1.1, -0.1) (0.0, 0.0, 0.0) (12.9, 220.2, 358.9)
(0.1, 1.1, -0.1) (0.0, 0.0, 0.0) (12.8, 219.8, 358.7)
(0.1, 1.1, -0.1) (0.0, 0.0, 0.0) (12.8, 218.6, 359.0)
(0.1, 1.1, -0.1) (0.0, 0.0, 0.0) (12.9, 218.1, 359.1)
(0.1, 1.1, -0.1) (0.0, 0.0, 0.0) (12.5, 218.0, 359.2)
(0.1, 1.1, -0.1) (0.0, 0.0, 0.0) (12.8, 218.3, 359.2)
(0.1, 1.1, -0.1) (0.0, 0.0, 0.0) (11.9, 218.1, 359.1)
(0.1, 1.1, -0.1) (0.0, 0.0, 0.0) (12.3, 218.0, 359.2)
(0.1, 1.1, -0.1) (0.0, 0.0, 0.0) (12.1, 218.1, 359.2)
(0.1, 1.1, -0.1) (0.0, 0.0, 0.0) (12.3, 218.1, 359.2)
(0.1, 1.1, -0.1) (0.0, 0.0, 0.0) (12.0, 218.3, 359.0)
(0.1, 1.1, -0.1) (0.0, 0.0, 0.0) (11.8, 218.4, 359.0)
(0.1, 1.1, -0.1) (0.0, 0.0, 0.0) (11.8, 218.2, 359.0)
(0.1, 1.1, -0.1) (0.0, 0.0, 0.0) (11.8, 218.2, 359.1)
(0.1, 1.1, -0.1) (0.0, 0.0, 0.0) (11.8, 218.2, 359.0)
(0.1, 1.1, -0.1) (0.0, 0.0, 0.0) (11.8, 218.3, 358.9)
(0.1, 1.1, -0.1) (0.0, 0.0, 0.0) (11.8, 218.8, 359.5)
(0.1, 1.1, -0.1) (0.0, 0.0, 0.0) (10.8, 227.6, 4.0)
(0.1, 1.1, -0.1) (0.0, 0.0, 0.0) (8.7, 233.5, 7.6)
(0.1, 1.1, -0.1) (0.0, 0.0, 0.0) (7.9, 235.5, 8.2)
(0.1, 1.1, -0.1) (0.0, 0.0, 0.0) (8.3, 233.5, 7.6)
(0.1, 1.1, -0.1) (0.0, 0.0, 0.0) (8.6, 231.6, 6.8)
(0.1, 1.1, -0.1) (0.0, 0.0, 0.0) (10.0, 226.7, 4.8)
(0.1, 1.1, -0.1) (0.0, 0.0, 0.0) (12.1, 220.6, 1.8)
(0.1, 1.1, -0.1) (0.0, 0.0, 0.0) (12.8, 217.8, 0.0)
(0.1, 1.1, -0.1) (0.0, 0.0, 0.0) (12.7, 218.5, 0.2)
(0.1, 1.1, -0.1) (0.0, 0.0, 0.0) (12.6, 218.3, 0.3)
(0.1, 1.1, -0.1) (0.0, 0.0, 0.0) (12.3, 218.4, 0.3)
(0.1, 1.1, -0.1) (0.0, 0.0, 0.0) (12.1, 218.4, 0.2)
(0.1, 1.1, -0.1) (0.0, 0.0, 0.0) (12.0, 218.5, 0.2)
(0.1, 1.1, -0.1) (0.0, 0.0, 0.0) (11.9, 218.6, 0.2)
(0.1, 1.1, -0.1) (0.0, 0.0, 0.0) (11.6, 218.7, 0.1)
(0.1, 1.1, -0.1) (0.0, 0.0, 0.0) (11.2, 218.8, 0.0)
(0.1, 1.1, -0.1) (0.0, 0.0, 0.0) (11.2, 218.8, 360.0)
(0.1, 1.1, -0.1) (0.0, 0.0, 0.0) (11.2, 218.7, 359.9)
(0.1, 1.1, -0.1) (0.0, 0.0, 0.0) (11.1, 218.8, 359.9)
(0.1, 1.1, -0.1) (0.0, 0.0, 0.0) (11.0, 218.9, 359.9)
(0.1, 1.1, -0.1) (0.0, 0.0, 0.0) (11.1, 218.9, 359.9)
(0.1, 1.1, -0.1) (0.0, 0.0, 0.0) (11.1, 218.6, 359.9)
(0.1, 1.1, -0.1) (0.0, 0.0, 0.0) (11.1, 218.7, 359.8)
(0.1, 1.1, -0.1) (0.0, 0.0, 0.0) (11.0, 218.8, 359.8)
(0.1, 1.1, -0.1) (0.0, 0.0, 0.0) (10.8, 218.9, 359.7)
(0.1, 1.1, -0.1) (0.0, 0.0, 0.0) (10.8, 218.8, 359.7)
(0.1, 1.1, -0.1) (0.0, 0.0, 0.0) (10.6, 218.8, 359.7)
(0.1, 1.1, -0.1) (0.0, 0.0, 0.0) (10.6, 218.8, 359.7)
(0.1, 1.1, -0.1) (0.0, 0.0, 0.0) (10.7, 218.8, 359.7)
(0.1, 1.1, -0.1) (0.0, 0.0, 0.0) (10.6, 218.8, 359.6)
(0.1, 1.1, -0.1) (0.0, 0.0, 0.0) (10.6, 218.8, 359.6)
(0.1, 1.1, -0.1) (0.0, 0.0, 0.0) (10.7, 218.8, 359.6)
(0.1, 1.1, -0.1) (0.0, 0.0, 0.0) (10.7, 218.7, 359.7)
(0.1, 1.1, -0.1) (0.0, 0.0, 0.0) (10.5, 218.7, 359.8)
(0.1, 1.1, -0.1) (0.0, 0.0, 0.0) (10.5, 218.5, 359.8)
(0.1, 1.1, -0.1) (0.0, 0.0, 0.0) (10.4, 218.5, 359.8)
(0.1, 1.1, -0.1) (0.0, 0.0, 0.0) (10.4, 218.5, 359.8)
(0.2, 1.1, -0.1) (0.0, 0.0, 0.0) (10.4, 218.0, 0.0)
(0.2, 1.1, -0.1) (0.0, 0.0, 0.0) (10.6, 212.0, 0.4)
(0.2, 1.1, -0.1) (0.0, 0.0, 0.0) (11.8, 189.6, 359.6)
(0.2, 1.1, -0.1) (0.0, 0.0, 0.0) (11.5, 173.1, 358.4)
(0.2, 1.1, -0.1) (0.0, 0.0, 0.0) (11.3, 175.1, 358.9)
(0.2, 1.1, -0.1) (0.0, 0.0, 0.0) (11.4, 183.4, 359.5)
(0.2, 1.1, -0.1) (0.0, 0.0, 0.0) (10.8, 189.7, 0.1)
(0.2, 1.1, -0.1) (0.0, 0.0, 0.0) (10.2, 194.3, 0.4)
(0.2, 1.1, -0.1) (0.0, 0.0, 0.0) (9.9, 196.1, 0.9)
(0.2, 1.1, -0.1) (0.0, 0.0, 0.0) (9.6, 197.0, 0.7)
(0.2, 1.1, -0.1) (0.0, 0.0, 0.0) (9.4, 197.5, 0.7)
(0.2, 1.1, -0.1) (0.0, 0.0, 0.0) (9.3, 197.7, 0.6)
(0.2, 1.1, -0.1) (0.0, 0.0, 0.0) (8.8, 197.6, 0.7)
(0.2, 1.1, -0.1) (0.0, 0.0, 0.0) (8.8, 197.8, 0.4)
(0.2, 1.1, -0.1) (0.0, 0.0, 0.0) (8.7, 198.0, 0.5)
(0.2, 1.1, -0.1) (0.0, 0.0, 0.0) (8.4, 197.9, 0.6)
(0.2, 1.1, -0.1) (0.0, 0.0, 0.0) (8.2, 198.0, 0.6)
(0.2, 1.1, -0.1) (0.0, 0.0, 0.0) (8.3, 197.9, 0.7)
(0.2, 1.1, -0.1) (0.0, 0.0, 0.0) (8.2, 197.9, 0.7)
(0.2, 1.1, -0.1) (0.0, 0.0, 0.0) (8.2, 197.7, 0.9)
(0.2, 1.1, -0.1) (0.0, 0.0, 0.0) (8.1, 197.8, 0.8)
(0.2, 1.1, -0.1) (0.0, 0.0, 0.0) (8.1, 197.8, 0.7)
(0.2, 1.1, -0.1) (0.0, 0.0, 0.0) (8.1, 197.8, 0.8)
(0.2, 1.1, -0.1) (0.0, 0.0, 0.0) (7.9, 197.7, 0.8)
(0.2, 1.1, -0.1) (0.0, 0.0, 0.0) (8.0, 197.6, 0.8)
(0.2, 1.1, -0.1) (0.0, 0.0, 0.0) (8.0, 197.6, 0.8)
(0.2, 1.1, -0.1) (0.0, 0.0, 0.0) (7.9, 197.7, 0.9)
(0.2, 1.1, -0.1) (0.0, 0.0, 0.0) (7.9, 197.8, 0.9)
(0.2, 1.1, -0.1) (0.0, 0.0, 0.0) (7.8, 198.0, 0.8)
(0.2, 1.1, -0.1) (0.0, 0.0, 0.0) (7.8, 197.9, 0.8)
(0.2, 1.1, -0.1) (0.0, 0.0, 0.0) (7.8, 197.8, 1.0)
(0.2, 1.1, -0.1) (0.0, 0.0, 0.0) (7.7, 198.0, 0.9)
(0.2, 1.1, -0.1) (0.0, 0.0, 0.0) (7.6, 198.7, 0.8)
(0.2, 1.1, -0.1) (0.0, 0.0, 0.0) (7.3, 200.0, 0.8)
(0.2, 1.1, -0.1) (0.0, 0.0, 0.0) (7.7, 201.2, 0.6)
(0.2, 1.1, -0.1) (0.0, 0.0, 0.0) (7.4, 200.5, 0.8)
(0.2, 1.1, -0.1) (0.0, 0.0, 0.0) (7.2, 201.0, 0.7)
(0.2, 1.1, -0.1) (0.0, 0.0, 0.0) (7.1, 200.8, 0.7)
(0.2, 1.1, -0.1) (0.0, 0.0, 0.0) (7.2, 200.9, 0.6)
(0.2, 1.1, -0.1) (0.0, 0.0, 0.0) (7.2, 200.8, 0.6)
(0.2, 1.1, -0.1) (0.0, 0.0, 0.0) (7.1, 200.9, 0.6)
(0.2, 1.1, -0.1) (0.0, 0.0, 0.0) (7.1, 200.8, 0.6)
(0.2, 1.1, -0.1) (0.0, 0.0, 0.0) (7.1, 200.8, 0.6)
(0.2, 1.1, -0.1) (0.0, 0.0, 0.0) (7.0, 200.9, 0.6)
(0.2, 1.1, -0.1) (0.0, 0.0, 0.0) (7.0, 200.9, 0.6)
(0.2, 1.1, -0.1) (0.0, 0.0, 0.0) (6.9, 201.0, 0.6)
(0.2, 1.1, -0.1) (0.0, 0.0, 0.0) (6.8, 201.0, 0.6)
(0.2, 1.1, -0.1) (0.0, 0.0, 0.0) (6.7, 201.0, 0.7)
(0.2, 1.1, -0.1) (0.0, 0.0, 0.0) (6.8, 201.0, 0.7)
(0.2, 1.1, -0.1) (0.0, 0.0, 0.0) (6.7, 201.0, 0.6)
(0.2, 1.1, -0.1) (0.0, 0.0, 0.0) (6.7, 201.1, 0.6)
(0.2, 1.1, -0.1) (0.0, 0.0, 0.0) (6.6, 201.1, 0.6)
(0.2, 1.1, -0.1) (0.0, 0.0, 0.0) (6.5, 201.1, 0.6)
(0.2, 1.1, -0.1) (0.0, 0.0, 0.0) (6.6, 201.1, 0.6)
(0.2, 1.1, -0.1) (0.0, 0.0, 0.0) (6.5, 201.1, 0.5)
(0.2, 1.1, -0.1) (0.0, 0.0, 0.0) (6.4, 201.1, 0.6)
(0.2, 1.1, -0.1) (0.0, 0.0, 0.0) (6.4, 201.1, 0.6)
(0.2, 1.1, -0.1) (0.0, 0.0, 0.0) (6.3, 201.1, 0.6)
(0.2, 1.1, -0.1) (0.0, 0.0, 0.0) (6.5, 201.1, 0.6)
(0.2, 1.1, -0.1) (0.0, 0.0, 0.0) (6.4, 201.1, 0.6)
(0.2, 1.1, -0.1) (0.0, 0.0, 0.0) (6.3, 201.1, 0.6)
(0.2, 1.1, -0.1) (0.0, 0.0, 0.0) (6.3, 201.1, 0.6)
(0.2, 1.1, -0.1) (0.0, 0.0, 0.0) (6.4, 201.1, 0.5)
(0.2, 1.1, -0.1) (0.0, 0.0, 0.0) (6.3, 201.2, 0.5)
(0.2, 1.1, -0.1) (0.0, 0.0, 0.0) (6.1, 201.2, 0.5)
(0.2, 1.1, -0.1) (0.0, 0.0, 0.0) (6.1, 201.3, 0.6)
(0.2, 1.1, -0.1) (0.0, 0.0, 0.0) (6.0, 201.3, 0.6)
(0.2, 1.1, -0.1) (0.0, 0.0, 0.0) (6.0, 201.3, 0.7)
(0.2, 1.1, -0.1) (0.0, 0.0, 0.0) (6.0, 201.4, 0.6)
(0.2, 1.1, -0.1) (0.0, 0.0, 0.0) (6.0, 201.5, 0.6)
(0.2, 1.1, -0.1) (0.0, 0.0, 0.0) (6.0, 201.3, 0.6)
(0.2, 1.1, -0.1) (0.0, 0.0, 0.0) (6.0, 201.5, 0.5)
(0.2, 1.1, -0.1) (0.0, 0.0, 0.0) (6.0, 201.5, 0.5)
(0.2, 1.1, -0.1) (0.0, 0.0, 0.0) (5.9, 201.5, 0.5)
(0.2, 1.1, -0.1) (0.0, 0.0, 0.0) (5.8, 201.5, 0.5)
(0.2, 1.1, -0.1) (0.0, 0.0, 0.0) (5.8, 201.5, 0.5)
(0.2, 1.1, -0.1) (0.0, 0.0, 0.0) (5.8, 201.4, 0.5)
(0.2, 1.1, -0.1) (0.0, 0.0, 0.0) (5.9, 201.4, 0.6)
(0.2, 1.1, -0.1) (0.0, 0.0, 0.0) (5.9, 201.4, 0.6)
(0.2, 1.1, -0.1) (0.0, 0.0, 0.0) (5.8, 201.4, 0.6)
(0.2, 1.1, -0.1) (0.0, 0.0, 0.0) (5.7, 201.4, 0.6)
(0.2, 1.1, -0.1) (0.0, 0.0, 0.0) (5.8, 201.4, 0.6)
(0.2, 1.1, -0.1) (0.0, 0.0, 0.0) (5.8, 201.5, 0.6)
(0.2, 1.1, -0.1) (0.0, 0.0, 0.0) (5.8, 201.5, 0.5)
(0.2, 1.1, -0.1) (0.0, 0.0, 0.0) (5.7, 201.6, 0.6)
(0.2, 1.1, -0.1) (0.0, 0.0, 0.0) (5.8, 201.6, 0.6)
(0.2, 1.1, -0.1) (0.0, 0.0, 0.0) (5.9, 201.6, 0.6)
(0.2, 1.1, -0.1) (0.0, 0.0, 0.0) (5.8, 201.6, 0.7)
(0.2, 1.1, -0.1) (0.0, 0.0, 0.0) (5.7, 201.6, 0.6)
(0.2, 1.1, -0.1) (0.0, 0.0, 0.0) (5.6, 201.6, 0.5)
(0.2, 1.1, -0.1) (0.0, 0.0, 0.0) (5.7, 201.5, 0.6)
(0.2, 1.1, -0.1) (0.0, 0.0, 0.0) (5.8, 201.6, 0.6)
(0.2, 1.1, -0.1) (0.0, 0.0, 0.0) (5.8, 201.5, 0.6)
(0.2, 1.1, -0.1) (0.0, 0.0, 0.0) (5.7, 201.6, 0.6)
(0.2, 1.1, -0.1) (0.0, 0.0, 0.0) (5.6, 201.7, 0.5)
(0.2, 1.1, -0.1) (0.0, 0.0, 0.0) (5.7, 201.6, 0.5)
(0.2, 1.1, -0.1) (0.0, 0.0, 0.0) (5.6, 201.6, 0.5)
(0.2, 1.1, -0.1) (0.0, 0.0, 0.0) (5.7, 201.7, 0.5)
(0.2, 1.1, -0.1) (0.0, 0.0, 0.0) (5.5, 201.7, 0.5)
(0.2, 1.1, -0.1) (0.0, 0.0, 0.0) (5.5, 201.7, 0.6)
(0.2, 1.1, -0.1) (0.0, 0.0, 0.0) (5.4, 201.7, 0.6)
(0.2, 1.1, -0.1) (0.0, 0.0, 0.0) (5.4, 201.7, 0.6)
(0.2, 1.1, -0.1) (0.0, 0.0, 0.0) (5.4, 201.7, 0.5)
(0.2, 1.1, -0.1) (0.0, 0.0, 0.0) (5.3, 201.7, 0.4)
(0.2, 1.1, -0.1) (0.0, 0.0, 0.0) (5.4, 201.7, 0.5)
(0.2, 1.1, -0.1) (0.0, 0.0, 0.0) (5.3, 201.7, 0.5)
(0.2, 1.1, -0.1) (0.0, 0.0, 0.0) (5.3, 201.7, 0.6)
(0.2, 1.1, -0.1) (0.0, 0.0, 0.0) (5.2, 201.7, 0.7)
(0.2, 1.1, -0.1) (0.0, 0.0, 0.0) (5.5, 202.0, 0.6)
(0.2, 1.1, -0.1) (0.0, 0.0, 0.0) (5.6, 209.7, 2.8)
(0.2, 1.1, -0.1) (0.0, 0.0, 0.0) (6.4, 211.0, 2.6)
(0.2, 1.1, -0.1) (0.0, 0.0, 0.0) (6.5, 210.3, 2.7)
(0.2, 1.1, -0.1) (0.0, 0.0, 0.0) (6.3, 210.2, 2.7)
(0.2, 1.1, -0.1) (0.0, 0.0, 0.0) (6.5, 210.1, 2.6)
(0.2, 1.1, -0.1) (0.0, 0.0, 0.0) (6.3, 210.0, 2.6)
(0.2, 1.1, -0.1) (0.0, 0.0, 0.0) (6.6, 209.8, 2.5)
(0.2, 1.1, -0.1) (0.0, 0.0, 0.0) (6.5, 209.8, 2.5)
(0.2, 1.1, -0.1) (0.0, 0.0, 0.0) (6.2, 209.9, 2.4)
(0.2, 1.1, -0.1) (0.0, 0.0, 0.0) (6.0, 209.8, 2.4)
(0.2, 1.1, -0.1) (0.0, 0.0, 0.0) (5.9, 209.7, 2.4)
(0.2, 1.1, -0.1) (0.0, 0.0, 0.0) (5.8, 209.8, 2.4)
(0.2, 1.1, -0.1) (0.0, 0.0, 0.0) (5.8, 209.7, 2.4)
(0.2, 1.1, -0.1) (0.0, 0.0, 0.0) (5.6, 209.7, 2.4)
(0.2, 1.1, -0.1) (0.0, 0.0, 0.0) (5.6, 209.6, 2.3)
(0.2, 1.1, -0.1) (0.0, 0.0, 0.0) (5.1, 209.5, 2.2)
(0.2, 1.1, -0.1) (0.0, 0.0, 0.0) (5.0, 209.3, 2.4)
(0.2, 1.1, -0.1) (0.0, 0.0, 0.0) (5.1, 209.5, 2.5)
(0.2, 1.1, -0.1) (0.0, 0.0, 0.0) (4.6, 209.2, 2.7)
(0.2, 1.1, -0.1) (0.0, 0.0, 0.0) (2.7, 206.4, 2.6)
(0.2, 1.1, -0.1) (0.0, 0.0, 0.0) (356.8, 198.8, 1.1)
(0.2, 1.1, -0.1) (0.0, 0.0, 0.0) (347.9, 180.1, 357.9)
(0.2, 1.1, -0.1) (0.0, 0.0, 0.0) (345.5, 172.8, 358.3)
(0.2, 1.1, -0.1) (0.0, 0.0, 0.0) (343.4, 172.0, 1.4)
(0.2, 1.1, -0.1) (0.0, 0.0, 0.0) (342.3, 170.0, 2.5)
(0.2, 1.1, -0.1) (0.0, 0.0, 0.0) (339.5, 170.0, 3.7)
(0.2, 1.1, -0.1) (0.0, 0.0, 0.0) (340.0, 170.7, 3.4)
(0.2, 1.1, -0.1) (0.0, 0.0, 0.0) (341.4, 171.8, 3.3)
(0.2, 1.1, -0.1) (0.0, 0.0, 0.0) (342.2, 179.6, 4.6)
(0.2, 1.1, -0.1) (0.0, 0.0, 0.0) (343.4, 195.8, 4.7)
(0.2, 1.1, -0.1) (0.0, 0.0, 0.0) (348.7, 200.3, 2.2)
(0.2, 1.1, -0.1) (0.0, 0.0, 0.0) (351.1, 203.0, 0.2)
(0.2, 1.1, -0.1) (0.0, 0.0, 0.0) (350.9, 204.4, 359.7)
(0.2, 1.1, -0.1) (0.0, 0.0, 0.0) (353.3, 205.2, 0.2)
(0.2, 1.1, -0.1) (0.0, 0.0, 0.0) (354.0, 206.2, 0.6)
(0.2, 1.1, -0.1) (0.0, 0.0, 0.0) (354.1, 205.9, 0.1)
(0.2, 1.1, -0.1) (0.0, 0.0, 0.0) (353.3, 204.7, 358.9)
(0.2, 1.1, -0.1) (0.0, 0.0, 0.0) (351.5, 200.7, 358.5)
(0.2, 1.1, -0.1) (0.0, 0.0, 0.0) (350.3, 193.5, 359.1)
(0.2, 1.1, -0.1) (0.0, 0.0, 0.0) (351.6, 191.5, 1.5)
(0.2, 1.1, -0.1) (0.0, 0.0, 0.0) (352.4, 196.1, 1.6)
(0.2, 1.1, -0.1) (0.0, 0.0, 0.0) (353.5, 191.5, 3.3)
(0.2, 1.1, -0.1) (0.0, 0.0, 0.0) (354.5, 182.2, 2.9)
(0.2, 1.1, -0.1) (0.0, 0.0, 0.0) (353.9, 182.0, 3.5)
(0.2, 1.1, -0.1) (0.0, 0.0, 0.0) (357.0, 190.2, 6.6)
(0.2, 1.1, -0.1) (0.0, 0.0, 0.0) (357.6, 191.2, 9.1)
(0.2, 1.1, -0.1) (0.0, 0.0, 0.0) (358.3, 190.3, 11.6)
(0.2, 1.1, -0.1) (0.0, 0.0, 0.0) (358.9, 190.4, 11.1)
(0.2, 1.1, -0.1) (0.0, 0.0, 0.0) (357.6, 191.4, 10.2)
(0.2, 1.1, -0.1) (0.0, 0.0, 0.0) (357.5, 194.1, 9.3)
(0.2, 1.1, -0.1) (0.0, 0.0, 0.0) (359.4, 203.9, 7.7)
(0.1, 1.1, -0.1) (0.0, 0.0, 0.0) (1.5, 219.4, 1.9)
(0.1, 1.1, -0.1) (0.0, 0.0, 0.0) (7.0, 224.0, 0.6)
(0.1, 1.1, -0.1) (0.0, 0.0, 0.0) (8.1, 224.0, 1.2)
(0.1, 1.1, -0.1) (0.0, 0.0, 0.0) (8.5, 224.4, 0.7)
(0.1, 1.1, -0.1) (0.0, 0.0, 0.0) (9.2, 225.1, 0.5)
(0.1, 1.1, -0.1) (0.0, 0.0, 0.0) (8.8, 224.1, 0.2)
(0.1, 1.1, -0.1) (0.0, 0.0, 0.0) (9.3, 224.7, 359.9)
(0.1, 1.1, -0.1) (0.0, 0.0, 0.0) (8.9, 223.6, 358.9)
(0.1, 1.1, -0.1) (0.0, 0.0, 0.0) (9.0, 223.2, 358.9)
(0.1, 1.1, -0.1) (0.0, 0.0, 0.0) (8.8, 222.4, 358.9)
(0.1, 1.1, -0.1) (0.0, 0.0, 0.0) (8.7, 221.9, 358.9)
(0.1, 1.1, -0.1) (0.0, 0.0, 0.0) (8.7, 221.8, 358.9)
(0.1, 1.1, -0.1) (0.0, 0.0, 0.0) (8.7, 221.6, 358.9)
(0.1, 1.1, -0.1) (0.0, 0.0, 0.0) (8.8, 221.4, 358.9)
(0.1, 1.1, -0.1) (0.0, 0.0, 0.0) (8.8, 221.3, 358.8)
(0.1, 1.1, -0.1) (0.0, 0.0, 0.0) (8.7, 221.1, 358.9)
(0.1, 1.1, -0.1) (0.0, 0.0, 0.0) (8.6, 221.1, 358.9)
(0.1, 1.1, -0.1) (0.0, 0.0, 0.0) (8.6, 221.0, 359.0)
(0.1, 1.1, -0.1) (0.0, 0.0, 0.0) (8.4, 221.1, 358.9)
(0.1, 1.1, -0.1) (0.0, 0.0, 0.0) (8.5, 221.0, 358.8)
(0.1, 1.1, -0.1) (0.0, 0.0, 0.0) (8.4, 221.1, 358.7)
(0.1, 1.1, -0.1) (0.0, 0.0, 0.0) (8.4, 221.1, 358.7)
(0.1, 1.1, -0.1) (0.0, 0.0, 0.0) (8.2, 221.1, 358.6)
(0.1, 1.1, -0.1) (0.0, 0.0, 0.0) (8.3, 221.0, 358.6)
(0.1, 1.1, -0.1) (0.0, 0.0, 0.0) (8.2, 220.9, 358.6)
(0.1, 1.1, -0.1) (0.0, 0.0, 0.0) (8.0, 220.3, 358.6)
(0.1, 1.1, -0.1) (0.0, 0.0, 0.0) (7.9, 219.4, 358.8)
(0.1, 1.1, -0.1) (0.0, 0.0, 0.0) (7.9, 219.0, 358.8)
(0.1, 1.1, -0.1) (0.0, 0.0, 0.0) (7.8, 219.1, 358.8)
(0.1, 1.1, -0.1) (0.0, 0.0, 0.0) (7.7, 219.2, 358.8)
(0.1, 1.1, -0.1) (0.0, 0.0, 0.0) (7.8, 218.2, 358.8)
(-1.8, 1.1, -2.4) (-2.0, 0.0, -2.3) (7.9, 206.0, 358.8)
(-1.8, 1.1, -2.4) (-2.0, 0.0, -2.3) (7.8, 206.0, 358.7)
(-1.8, 1.1, -2.4) (-2.0, 0.0, -2.3) (7.4, 205.5, 358.3)
(-1.8, 1.1, -2.4) (-2.0, 0.0, -2.3) (6.7, 202.8, 358.2)
(-1.8, 1.1, -2.4) (-2.0, 0.0, -2.3) (5.2, 184.1, 356.8)
(-1.8, 1.1, -2.4) (-2.0, 0.0, -2.3) (3.7, 175.0, 356.0)
(-1.8, 1.1, -2.4) (-2.0, 0.0, -2.3) (3.6, 175.2, 356.7)
(-1.8, 1.1, -2.4) (-2.0, 0.0, -2.3) (5.9, 174.7, 356.9)
(-1.8, 1.1, -2.4) (-2.0, 0.0, -2.3) (14.1, 175.2, 358.3)
(-1.8, 1.1, -2.4) (-2.0, 0.0, -2.3) (20.1, 177.6, 0.5)
(-1.8, 1.1, -2.4) (-2.0, 0.0, -2.3) (22.1, 178.9, 0.8)
(-1.8, 1.1, -2.4) (-2.0, 0.0, -2.3) (23.4, 179.8, 1.6)
(-1.8, 1.1, -2.4) (-2.0, 0.0, -2.3) (24.9, 181.9, 2.9)
(-1.8, 1.1, -2.4) (-2.0, 0.0, -2.3) (26.7, 184.4, 4.4)
(0.1, 1.1, -0.1) (0.0, 0.0, 0.0) (19.1, 223.3, 12.5)
(0.1, 1.1, -0.1) (0.0, 0.0, 0.0) (21.1, 219.1, 8.8)
(0.1, 1.1, -0.1) (0.0, 0.0, 0.0) (22.2, 213.0, 5.8)
(0.1, 1.1, -0.1) (0.0, 0.0, 0.0) (22.0, 211.5, 4.9)
(0.1, 1.1, -0.1) (0.0, 0.0, 0.0) (22.0, 209.5, 3.4)
(0.1, 1.1, -0.1) (0.0, 0.0, 0.0) (22.4, 205.1, 1.8)
(0.2, 1.1, -0.1) (0.0, 0.0, 0.0) (22.4, 199.9, 0.5)
(0.2, 1.1, -0.1) (0.0, 0.0, 0.0) (22.2, 199.7, 0.4)
(0.2, 1.1, -0.1) (0.0, 0.0, 0.0) (22.4, 199.6, 0.4)
(0.2, 1.1, -0.1) (0.0, 0.0, 0.0) (22.2, 199.6, 0.4)
(0.2, 1.1, -0.1) (0.0, 0.0, 0.0) (22.1, 199.4, 0.4)
(0.2, 1.1, -0.1) (0.0, 0.0, 0.0) (22.0, 199.2, 0.2)
(0.2, 1.1, -0.1) (0.0, 0.0, 0.0) (22.0, 199.4, 0.5)
(0.2, 1.1, -0.1) (0.0, 0.0, 0.0) (21.9, 199.2, 0.5)
(0.2, 1.1, -0.1) (0.0, 0.0, 0.0) (22.0, 199.6, 0.8)
(0.2, 1.1, -0.1) (0.0, 0.0, 0.0) (21.8, 199.3, 0.7)
(0.2, 1.1, -0.1) (0.0, 0.0, 0.0) (21.8, 199.8, 0.7)
(0.2, 1.1, -0.1) (0.0, 0.0, 0.0) (21.8, 199.7, 0.9)
(0.2, 1.1, -0.1) (0.0, 0.0, 0.0) (21.7, 199.5, 0.7)
(0.2, 1.1, -0.1) (0.0, 0.0, 0.0) (21.4, 199.6, 0.0)
(0.2, 1.1, -0.1) (0.0, 0.0, 0.0) (21.2, 199.5, 0.4)
(0.2, 1.1, -0.1) (0.0, 0.0, 0.0) (20.8, 198.1, 359.4)
(0.1, 1.1, -0.1) (0.0, 0.0, 0.0) (21.1, 199.9, 359.3)
(0.1, 1.1, -0.1) (0.0, 0.0, 0.0) (20.9, 199.6, 359.1)
(0.1, 1.1, -0.1) (0.0, 0.0, 0.0) (16.3, 192.3, 353.2)
(0.1, 1.1, -0.1) (0.0, 0.0, 0.0) (16.3, 200.5, 357.7)
(0.1, 1.1, -0.1) (0.0, 0.0, 0.0) (13.9, 207.2, 0.1)
(0.1, 1.1, -0.1) (0.0, 0.0, 0.0) (13.7, 211.3, 2.1)
(0.1, 1.1, -0.1) (0.0, 0.0, 0.0) (14.7, 211.8, 1.8)
(0.1, 1.1, -0.1) (0.0, 0.0, 0.0) (15.8, 211.1, 1.7)
(0.1, 1.1, -0.1) (0.0, 0.0, 0.0) (16.2, 211.6, 2.1)
(0.1, 1.1, -0.1) (0.0, 0.0, 0.0) (16.9, 210.2, 3.1)
(0.1, 1.1, -0.1) (0.0, 0.0, 0.0) (16.6, 210.9, 4.7)
(0.1, 1.1, -0.1) (0.0, 0.0, 0.0) (22.1, 213.0, 4.4)
(0.1, 1.1, -0.1) (0.0, 0.0, 0.0) (25.7, 211.5, 1.1)
(0.1, 1.1, -0.1) (0.0, 0.0, 0.0) (24.6, 207.9, 355.9)
(0.1, 1.1, -0.1) (0.0, 0.0, 0.0) (21.4, 201.9, 352.3)
(0.1, 1.1, -0.1) (0.0, 0.0, 0.0) (20.2, 205.8, 355.6)
(0.1, 1.1, -0.1) (0.0, 0.0, 0.0) (19.6, 206.3, 359.1)
(0.1, 1.1, -0.1) (0.0, 0.0, 0.0) (19.5, 202.3, 359.1)
(0.2, 1.1, -0.1) (0.0, 0.0, 0.0) (18.0, 194.2, 357.8)
(0.2, 1.1, -0.1) (0.0, 0.0, 0.0) (17.4, 188.1, 357.8)
(0.2, 1.1, -0.1) (0.0, 0.0, 0.0) (18.2, 184.9, 357.4)
(0.2, 1.1, -0.1) (0.0, 0.0, 0.0) (17.9, 182.6, 358.1)
(0.2, 1.1, -0.1) (0.0, 0.0, 0.0) (17.4, 180.6, 358.2)
(0.1, 1.1, -0.1) (0.0, 0.0, 0.0) (16.3, 179.7, 358.5)
(0.1, 1.1, -0.1) (0.0, 0.0, 0.0) (15.6, 178.8, 358.5)
(0.1, 1.1, -0.1) (0.0, 0.0, 0.0) (17.2, 180.1, 356.8)
(0.1, 1.1, -0.1) (0.0, 0.0, 0.0) (18.3, 180.7, 357.9)
(0.1, 1.1, -0.1) (0.0, 0.0, 0.0) (18.3, 179.3, 358.5)
(0.1, 1.1, -0.1) (0.0, 0.0, 0.0) (18.0, 178.1, 358.7)
(0.1, 1.1, -0.1) (0.0, 0.0, 0.0) (18.0, 176.2, 358.6)
(0.1, 1.1, -0.1) (0.0, 0.0, 0.0) (18.1, 175.3, 358.1)
(0.1, 1.1, -0.1) (0.0, 0.0, 0.0) (17.6, 175.9, 358.4)
(0.1, 1.1, -0.1) (0.0, 0.0, 0.0) (17.6, 175.8, 358.4)
(0.1, 1.1, -0.1) (0.0, 0.0, 0.0) (17.4, 175.1, 358.2)
(0.1, 1.1, -0.1) (0.0, 0.0, 0.0) (17.3, 175.6, 358.3)
(0.1, 1.1, -0.1) (0.0, 0.0, 0.0) (17.5, 175.6, 358.2)
(0.1, 1.1, -0.1) (0.0, 0.0, 0.0) (17.5, 175.9, 358.2)
(0.1, 1.1, -0.1) (0.0, 0.0, 0.0) (17.5, 176.1, 358.3)
(0.1, 1.1, -0.1) (0.0, 0.0, 0.0) (17.6, 176.1, 358.2)
(0.1, 1.1, -0.1) (0.0, 0.0, 0.0) (17.5, 176.1, 358.1)
(0.1, 1.1, -0.1) (0.0, 0.0, 0.0) (17.4, 176.1, 358.3)
(0.1, 1.1, -0.1) (0.0, 0.0, 0.0) (17.3, 175.8, 358.6)
(0.1, 1.1, -0.1) (0.0, 0.0, 0.0) (17.5, 175.6, 358.7)
(0.1, 1.1, -0.1) (0.0, 0.0, 0.0) (17.6, 175.8, 358.7)
(0.1, 1.1, -0.1) (0.0, 0.0, 0.0) (17.7, 175.8, 358.6)
(0.1, 1.1, -0.1) (0.0, 0.0, 0.0) (17.8, 175.3, 358.7)
(0.1, 1.1, -0.1) (0.0, 0.0, 0.0) (17.7, 175.3, 358.9)
(0.1, 1.1, -0.1) (0.0, 0.0, 0.0) (17.6, 175.5, 358.8)
(0.1, 1.1, -0.1) (0.0, 0.0, 0.0) (17.6, 175.4, 358.8)
(0.1, 1.1, -0.1) (0.0, 0.0, 0.0) (17.6, 175.3, 358.9)
(0.1, 1.1, -0.1) (0.0, 0.0, 0.0) (17.7, 175.1, 359.0)
(0.1, 1.1, -0.1) (0.0, 0.0, 0.0) (17.7, 175.2, 359.0)
(0.1, 1.1, -0.1) (0.0, 0.0, 0.0) (17.6, 175.2, 359.0)
(0.1, 1.1, -0.1) (0.0, 0.0, 0.0) (17.6, 175.5, 359.0)
(0.1, 1.1, -0.1) (0.0, 0.0, 0.0) (17.6, 175.5, 359.0)
(0.1, 1.1, -0.1) (0.0, 0.0, 0.0) (17.5, 175.5, 359.0)
(0.1, 1.1, -0.1) (0.0, 0.0, 0.0) (17.5, 175.5, 359.0)
(0.1, 1.1, -0.1) (0.0, 0.0, 0.0) (17.4, 175.4, 359.0)
(0.1, 1.1, -0.1) (0.0, 0.0, 0.0) (17.4, 175.5, 359.0)
(0.1, 1.1, -0.1) (0.0, 0.0, 0.0) (17.4, 175.4, 359.0)
(0.1, 1.1, -0.1) (0.0, 0.0, 0.0) (17.4, 175.5, 359.0)
(0.1, 1.1, -0.1) (0.0, 0.0, 0.0) (17.4, 175.4, 359.0)
(0.1, 1.1, -0.1) (0.0, 0.0, 0.0) (17.4, 175.6, 359.0)
(0.1, 1.1, -0.1) (0.0, 0.0, 0.0) (17.4, 175.6, 359.0)
(0.1, 1.1, -0.1) (0.0, 0.0, 0.0) (17.4, 175.6, 359.1)
(0.1, 1.1, -0.1) (0.0, 0.0, 0.0) (17.2, 176.3, 359.3)
(0.1, 1.1, -0.1) (0.0, 0.0, 0.0) (17.4, 176.0, 359.7)
(0.1, 1.1, -0.1) (0.0, 0.0, 0.0) (17.4, 175.7, 359.8)
(0.1, 1.1, -0.1) (0.0, 0.0, 0.0) (17.6, 175.3, 359.9)
(0.1, 1.1, -0.1) (0.0, 0.0, 0.0) (17.5, 175.5, 359.9)
(0.1, 1.1, -0.1) (0.0, 0.0, 0.0) (17.4, 175.5, 359.9)
(0.1, 1.1, -0.1) (0.0, 0.0, 0.0) (17.4, 175.4, 360.0)
(0.1, 1.1, -0.1) (0.0, 0.0, 0.0) (17.4, 175.3, 359.9)
(0.1, 1.1, -0.1) (0.0, 0.0, 0.0) (17.4, 175.5, 359.8)
(0.1, 1.1, -0.1) (0.0, 0.0, 0.0) (17.3, 175.4, 359.9)
(0.1, 1.1, -0.1) (0.0, 0.0, 0.0) (17.3, 175.4, 360.0)
(0.1, 1.1, -0.1) (0.0, 0.0, 0.0) (17.2, 175.5, 359.9)
(0.1, 1.1, -0.1) (0.0, 0.0, 0.0) (17.2, 175.4, 0.0)
(0.1, 1.1, -0.1) (0.0, 0.0, 0.0) (17.0, 175.4, 0.1)
(0.1, 1.1, -0.1) (0.0, 0.0, 0.0) (17.0, 175.4, 0.1)
(0.1, 1.1, -0.1) (0.0, 0.0, 0.0) (16.9, 175.4, 0.1)
(0.1, 1.1, -0.1) (0.0, 0.0, 0.0) (17.0, 175.4, 0.2)
(0.1, 1.1, -0.1) (0.0, 0.0, 0.0) (17.0, 175.4, 0.1)
(0.1, 1.1, -0.1) (0.0, 0.0, 0.0) (17.0, 175.4, 0.1)
(0.1, 1.1, -0.1) (0.0, 0.0, 0.0) (16.9, 175.3, 0.1)
(0.1, 1.1, -0.1) (0.0, 0.0, 0.0) (16.9, 175.5, 0.1)
(0.1, 1.1, -0.1) (0.0, 0.0, 0.0) (17.1, 175.4, 0.1)
(0.1, 1.1, -0.1) (0.0, 0.0, 0.0) (17.0, 175.4, 0.1)
(0.1, 1.1, -0.1) (0.0, 0.0, 0.0) (17.0, 175.4, 0.1)
(0.1, 1.1, -0.1) (0.0, 0.0, 0.0) (17.0, 175.4, 0.1)
(0.1, 1.1, -0.1) (0.0, 0.0, 0.0) (17.0, 175.4, 0.1)
(0.1, 1.1, -0.1) (0.0, 0.0, 0.0) (17.0, 175.4, 0.2)
(0.1, 1.1, -0.1) (0.0, 0.0, 0.0) (17.0, 175.3, 0.2)
(0.1, 1.1, -0.1) (0.0, 0.0, 0.0) (17.0, 175.4, 0.1)
(0.1, 1.1, -0.1) (0.0, 0.0, 0.0) (17.0, 175.4, 0.1)
(0.1, 1.1, -0.1) (0.0, 0.0, 0.0) (17.0, 175.4, 0.1)
(0.1, 1.1, -0.1) (0.0, 0.0, 0.0) (16.9, 175.4, 0.2)
(0.1, 1.1, -0.1) (0.0, 0.0, 0.0) (16.7, 175.4, 0.3)
(0.1, 1.1, -0.1) (0.0, 0.0, 0.0) (16.7, 175.3, 0.4)
(0.1, 1.1, -0.1) (0.0, 0.0, 0.0) (16.7, 175.3, 0.4)
(0.1, 1.1, -0.1) (0.0, 0.0, 0.0) (16.6, 175.3, 0.4)
(0.1, 1.1, -0.1) (0.0, 0.0, 0.0) (16.7, 175.3, 0.4)
(0.1, 1.1, -0.1) (0.0, 0.0, 0.0) (16.6, 175.4, 0.5)
(0.1, 1.1, -0.1) (0.0, 0.0, 0.0) (16.6, 175.4, 0.5)
(0.1, 1.1, -0.1) (0.0, 0.0, 0.0) (16.6, 175.4, 0.5)
(0.1, 1.1, -0.1) (0.0, 0.0, 0.0) (16.7, 175.3, 0.4)
(0.1, 1.1, -0.1) (0.0, 0.0, 0.0) (16.6, 175.4, 0.5)
(0.1, 1.1, -0.1) (0.0, 0.0, 0.0) (16.6, 175.3, 0.6)
(0.1, 1.1, -0.1) (0.0, 0.0, 0.0) (16.6, 175.2, 0.6)
(0.1, 1.1, -0.1) (0.0, 0.0, 0.0) (16.5, 175.2, 0.6)
(0.1, 1.1, -0.1) (0.0, 0.0, 0.0) (16.6, 175.2, 0.6)
(0.1, 1.1, -0.1) (0.0, 0.0, 0.0) (16.6, 175.3, 0.6)
(0.1, 1.1, -0.1) (0.0, 0.0, 0.0) (16.5, 175.3, 0.6)
(0.1, 1.1, -0.1) (0.0, 0.0, 0.0) (16.6, 175.1, 0.6)
(0.1, 1.1, -0.1) (0.0, 0.0, 0.0) (16.6, 175.1, 0.6)
(0.1, 1.1, -0.1) (0.0, 0.0, 0.0) (16.6, 175.2, 0.6)
(0.1, 1.1, -0.1) (0.0, 0.0, 0.0) (16.5, 175.3, 0.6)
(0.1, 1.1, -0.1) (0.0, 0.0, 0.0) (16.6, 175.3, 0.6)
(0.1, 1.1, -0.1) (0.0, 0.0, 0.0) (16.7, 175.2, 0.6)
(0.1, 1.1, -0.1) (0.0, 0.0, 0.0) (22.5, 175.0, 0.2)
(0.1, 1.1, -0.1) (0.0, 0.0, 0.0) (31.9, 178.6, 2.3)
(0.1, 1.1, -0.1) (0.0, 0.0, 0.0) (33.0, 180.6, 3.4)
(0.1, 1.1, -0.1) (0.0, 0.0, 0.0) (33.0, 179.4, 3.6)
(0.1, 1.1, -0.1) (0.0, 0.0, 0.0) (32.1, 179.0, 2.1)
(0.1, 1.1, -0.1) (0.0, 0.0, 0.0) (30.7, 179.5, 1.0)
(0.1, 1.1, -0.1) (0.0, 0.0, 0.0) (29.5, 179.1, 0.1)
(0.1, 1.1, -0.1) (0.0, 0.0, 0.0) (28.4, 178.1, 359.3)
(0.1, 1.1, -0.1) (0.0, 0.0, 0.0) (27.2, 177.5, 358.5)
(0.1, 1.1, -0.1) (0.0, 0.0, 0.0) (26.2, 177.2, 358.3)
(0.1, 1.1, -0.1) (0.0, 0.0, 0.0) (25.7, 177.2, 358.4)
(0.1, 1.1, -0.1) (0.0, 0.0, 0.0) (25.4, 177.2, 358.7)
(0.1, 1.1, -0.1) (0.0, 0.0, 0.0) (25.2, 177.1, 358.8)
(0.1, 1.1, -0.1) (0.0, 0.0, 0.0) (25.2, 177.0, 358.8)
(0.1, 1.1, -0.1) (0.0, 0.0, 0.0) (25.2, 177.0, 359.0)
(0.1, 1.1, -0.1) (0.0, 0.0, 0.0) (25.1, 176.9, 359.1)
(0.1, 1.1, -0.1) (0.0, 0.0, 0.0) (25.1, 176.9, 359.0)
(0.1, 1.1, -0.1) (0.0, 0.0, 0.0) (25.3, 176.8, 359.1)
(0.1, 1.1, -0.1) (0.0, 0.0, 0.0) (25.4, 176.9, 359.1)
(0.1, 1.1, -0.1) (0.0, 0.0, 0.0) (25.6, 176.9, 359.2)
(0.1, 1.1, -0.1) (0.0, 0.0, 0.0) (25.4, 177.0, 359.2)
(0.1, 1.1, -0.1) (0.0, 0.0, 0.0) (25.3, 177.1, 359.2)
(0.1, 1.1, -0.1) (0.0, 0.0, 0.0) (25.2, 177.0, 359.3)
(0.1, 1.1, -0.1) (0.0, 0.0, 0.0) (25.0, 177.0, 359.4)
(0.1, 1.1, -0.1) (0.0, 0.0, 0.0) (24.9, 177.0, 359.5)
(0.1, 1.1, -0.1) (0.0, 0.0, 0.0) (24.6, 177.0, 359.5)
(0.1, 1.1, -0.1) (0.0, 0.0, 0.0) (24.4, 177.0, 359.5)
(0.1, 1.1, -0.1) (0.0, 0.0, 0.0) (24.4, 177.0, 359.4)
(0.1, 1.1, -0.1) (0.0, 0.0, 0.0) (24.3, 177.1, 359.4)
(0.1, 1.1, -0.1) (0.0, 0.0, 0.0) (24.3, 177.1, 359.5)
(0.1, 1.1, -0.1) (0.0, 0.0, 0.0) (24.3, 177.2, 359.5)
(0.1, 1.1, -0.1) (0.0, 0.0, 0.0) (24.2, 177.2, 359.4)
(0.1, 1.1, -0.1) (0.0, 0.0, 0.0) (24.3, 177.1, 359.6)
(0.1, 1.1, -0.1) (0.0, 0.0, 0.0) (24.2, 177.0, 359.5)
(0.1, 1.1, -0.1) (0.0, 0.0, 0.0) (24.3, 177.0, 359.5)
(0.1, 1.1, -0.1) (0.0, 0.0, 0.0) (24.2, 177.0, 359.5)
(0.1, 1.1, -0.1) (0.0, 0.0, 0.0) (24.0, 177.1, 359.4)
(0.1, 1.1, -0.1) (0.0, 0.0, 0.0) (24.1, 177.1, 359.5)
(0.1, 1.1, -0.1) (0.0, 0.0, 0.0) (24.0, 177.2, 359.4)
(0.1, 1.1, -0.1) (0.0, 0.0, 0.0) (23.9, 177.3, 359.5)
(0.1, 1.1, -0.1) (0.0, 0.0, 0.0) (23.7, 177.3, 359.5)
(0.1, 1.1, -0.1) (0.0, 0.0, 0.0) (23.6, 177.2, 359.6)
(0.1, 1.1, -0.1) (0.0, 0.0, 0.0) (23.4, 177.2, 359.6)
(0.1, 1.1, -0.1) (0.0, 0.0, 0.0) (23.4, 177.2, 359.5)
(0.1, 1.1, -0.1) (0.0, 0.0, 0.0) (23.5, 177.2, 359.5)
(0.1, 1.1, -0.1) (0.0, 0.0, 0.0) (23.4, 177.1, 359.5)
(0.1, 1.1, -0.1) (0.0, 0.0, 0.0) (23.4, 177.2, 359.6)
(0.1, 1.1, -0.1) (0.0, 0.0, 0.0) (23.4, 177.2, 359.6)
(0.1, 1.1, -0.1) (0.0, 0.0, 0.0) (23.3, 177.3, 359.5)
(0.1, 1.1, -0.1) (0.0, 0.0, 0.0) (23.3, 177.3, 359.5)
(0.1, 1.1, -0.1) (0.0, 0.0, 0.0) (23.3, 177.2, 359.6)
(0.1, 1.1, -0.1) (0.0, 0.0, 0.0) (23.2, 177.2, 359.6)
(0.1, 1.1, -0.1) (0.0, 0.0, 0.0) (23.2, 177.2, 359.6)
(0.1, 1.1, -0.1) (0.0, 0.0, 0.0) (23.1, 177.2, 359.6)
(0.1, 1.1, -0.1) (0.0, 0.0, 0.0) (23.0, 177.3, 359.6)
(0.1, 1.1, -0.1) (0.0, 0.0, 0.0) (23.0, 177.2, 359.6)
(0.1, 1.1, -0.1) (0.0, 0.0, 0.0) (23.0, 177.2, 359.6)
(0.1, 1.1, -0.1) (0.0, 0.0, 0.0) (23.1, 177.2, 359.6)
(0.1, 1.1, -0.1) (0.0, 0.0, 0.0) (23.0, 177.2, 359.6)
(0.1, 1.1, -0.1) (0.0, 0.0, 0.0) (23.0, 177.2, 359.5)
(0.1, 1.1, -0.1) (0.0, 0.0, 0.0) (22.9, 177.1, 359.5)
(0.1, 1.1, -0.1) (0.0, 0.0, 0.0) (22.9, 177.2, 359.5)
(0.1, 1.1, -0.1) (0.0, 0.0, 0.0) (22.8, 177.0, 359.6)
(0.1, 1.1, -0.1) (0.0, 0.0, 0.0) (22.6, 177.1, 359.6)
(0.1, 1.1, -0.1) (0.0, 0.0, 0.0) (22.4, 177.0, 359.6)
(0.1, 1.1, -0.1) (0.0, 0.0, 0.0) (22.1, 177.0, 359.7)
(0.1, 1.1, -0.1) (0.0, 0.0, 0.0) (22.1, 177.1, 359.6)
(0.1, 1.1, -0.1) (0.0, 0.0, 0.0) (22.2, 177.0, 359.7)
(0.1, 1.1, -0.1) (0.0, 0.0, 0.0) (21.9, 177.1, 359.7)
(0.1, 1.1, -0.1) (0.0, 0.0, 0.0) (21.6, 177.0, 359.8)
(0.1, 1.1, -0.1) (0.0, 0.0, 0.0) (20.6, 177.0, 359.9)
(0.1, 1.1, -0.1) (0.0, 0.0, 0.0) (19.3, 177.1, 0.3)
(0.1, 1.1, -0.1) (0.0, 0.0, 0.0) (18.5, 176.8, 0.3)
(0.1, 1.1, -0.1) (0.0, 0.0, 0.0) (17.6, 177.4, 0.2)
(0.1, 1.1, -0.1) (0.0, 0.0, 0.0) (17.7, 177.8, 0.1)
(0.1, 1.1, -0.1) (0.0, 0.0, 0.0) (17.7, 177.7, 0.1)
(0.1, 1.1, -0.1) (0.0, 0.0, 0.0) (18.2, 177.8, 0.2)
(0.1, 1.1, -0.1) (0.0, 0.0, 0.0) (17.0, 177.7, 0.1)
(0.1, 1.1, -0.1) (0.0, 0.0, 0.0) (16.3, 178.3, 0.3)
(0.1, 1.1, -0.1) (0.0, 0.0, 0.0) (16.6, 177.9, 0.2)
(0.1, 1.1, -0.1) (0.0, 0.0, 0.0) (17.0, 178.0, 0.2)
(0.1, 1.1, -0.1) (0.0, 0.0, 0.0) (17.2, 177.9, 0.2)
(0.1, 1.1, -0.1) (0.0, 0.0, 0.0) (17.0, 177.8, 0.3)
(0.1, 1.1, -0.1) (0.0, 0.0, 0.0) (16.9, 177.8, 0.2)
(0.1, 1.1, -0.1) (0.0, 0.0, 0.0) (16.8, 177.8, 0.2)
(0.1, 1.1, -0.1) (0.0, 0.0, 0.0) (16.7, 177.8, 0.2)
(0.1, 1.1, -0.1) (0.0, 0.0, 0.0) (16.7, 177.8, 0.3)
(0.1, 1.1, -0.1) (0.0, 0.0, 0.0) (16.6, 177.9, 0.2)
(0.1, 1.1, -0.1) (0.0, 0.0, 0.0) (16.5, 177.9, 0.2)
(0.1, 1.1, -0.1) (0.0, 0.0, 0.0) (16.4, 178.0, 0.3)
(0.1, 1.1, -0.1) (0.0, 0.0, 0.0) (16.5, 178.2, 0.4)
(0.1, 1.1, -0.1) (0.0, 0.0, 0.0) (16.1, 177.8, 0.7)
(0.1, 1.1, -0.1) (0.0, 0.0, 0.0) (16.3, 177.9, 0.7)
(0.1, 1.1, -0.1) (0.0, 0.0, 0.0) (16.4, 177.9, 0.6)
(0.1, 1.1, -0.1) (0.0, 0.0, 0.0) (16.4, 178.0, 0.7)
(0.1, 1.1, -0.1) (0.0, 0.0, 0.0) (16.5, 178.0, 0.6)
(0.1, 1.1, -0.1) (0.0, 0.0, 0.0) (16.9, 177.7, 0.4)
(0.1, 1.1, -0.1) (0.0, 0.0, 0.0) (17.0, 177.9, 0.4)
(0.1, 1.1, -0.1) (0.0, 0.0, 0.0) (17.0, 177.9, 0.4)
(0.1, 1.1, -0.1) (0.0, 0.0, 0.0) (17.0, 177.9, 0.4)
(0.1, 1.1, -0.1) (0.0, 0.0, 0.0) (17.0, 177.9, 0.3)
(0.1, 1.1, -0.1) (0.0, 0.0, 0.0) (16.8, 177.9, 0.3)
(0.1, 1.1, -0.1) (0.0, 0.0, 0.0) (16.8, 177.9, 0.4)
(0.1, 1.1, -0.1) (0.0, 0.0, 0.0) (16.6, 178.1, 0.4)
(0.1, 1.1, -0.1) (0.0, 0.0, 0.0) (16.6, 178.0, 0.4)
(0.1, 1.1, -0.1) (0.0, 0.0, 0.0) (16.5, 178.0, 0.4)
(0.1, 1.1, -0.1) (0.0, 0.0, 0.0) (16.6, 178.0, 0.3)
(0.1, 1.1, -0.1) (0.0, 0.0, 0.0) (16.6, 177.9, 0.4)
(0.1, 1.1, -0.1) (0.0, 0.0, 0.0) (16.6, 177.8, 0.4)
(0.1, 1.1, -0.1) (0.0, 0.0, 0.0) (16.5, 177.8, 0.4)
(0.1, 1.1, -0.1) (0.0, 0.0, 0.0) (16.5, 177.8, 0.5)
(0.1, 1.1, -0.1) (0.0, 0.0, 0.0) (16.2, 177.8, 0.5)
(0.1, 1.1, -0.1) (0.0, 0.0, 0.0) (16.1, 177.8, 0.6)
(0.1, 1.1, -0.1) (0.0, 0.0, 0.0) (15.9, 177.9, 0.7)
(0.1, 1.1, -0.1) (0.0, 0.0, 0.0) (15.8, 177.9, 0.7)
(0.1, 1.1, -0.1) (0.0, 0.0, 0.0) (15.7, 177.9, 0.8)
(0.1, 1.1, -0.1) (0.0, 0.0, 0.0) (15.6, 177.9, 0.8)
(0.1, 1.1, -0.1) (0.0, 0.0, 0.0) (15.6, 177.8, 0.8)
(0.1, 1.1, -0.1) (0.0, 0.0, 0.0) (16.0, 177.7, 0.8)
(0.1, 1.1, -0.1) (0.0, 0.0, 0.0) (16.1, 177.5, 0.8)
(0.1, 1.1, -0.1) (0.0, 0.0, 0.0) (16.1, 177.5, 0.8)
(0.1, 1.1, -0.1) (0.0, 0.0, 0.0) (16.1, 177.5, 0.8)
(0.1, 1.1, -0.1) (0.0, 0.0, 0.0) (16.2, 177.6, 0.9)
(0.1, 1.1, -0.1) (0.0, 0.0, 0.0) (16.1, 177.6, 1.0)
(0.1, 1.1, -0.1) (0.0, 0.0, 0.0) (16.1, 177.7, 0.9)
(0.1, 1.1, -0.1) (0.0, 0.0, 0.0) (16.1, 177.6, 1.0)
(0.1, 1.1, -0.1) (0.0, 0.0, 0.0) (16.2, 177.7, 0.8)
(0.1, 1.1, -0.1) (0.0, 0.0, 0.0) (16.1, 177.7, 0.7)
(0.1, 1.1, -0.1) (0.0, 0.0, 0.0) (16.0, 177.5, 0.9)
(0.1, 1.1, -0.1) (0.0, 0.0, 0.0) (15.5, 177.6, 0.9)
(0.1, 1.1, -0.1) (0.0, 0.0, 0.0) (15.4, 177.6, 0.9)
(0.1, 1.1, -0.1) (0.0, 0.0, 0.0) (15.3, 177.6, 0.9)
(0.1, 1.1, -0.1) (0.0, 0.0, 0.0) (15.2, 177.6, 0.9)
(0.1, 1.1, -0.1) (0.0, 0.0, 0.0) (15.1, 177.7, 0.9)
(0.1, 1.1, -0.1) (0.0, 0.0, 0.0) (15.1, 177.7, 0.8)
(0.1, 1.1, -0.1) (0.0, 0.0, 0.0) (15.1, 177.6, 0.9)
(0.1, 1.1, -0.1) (0.0, 0.0, 0.0) (15.1, 177.6, 0.9)
(0.1, 1.1, -0.1) (0.0, 0.0, 0.0) (15.1, 177.6, 0.8)
(0.1, 1.1, -0.1) (0.0, 0.0, 0.0) (14.8, 177.7, 0.8)
(0.1, 1.1, -0.1) (0.0, 0.0, 0.0) (14.7, 177.7, 0.8)
(0.1, 1.1, -0.1) (0.0, 0.0, 0.0) (14.7, 177.7, 0.9)
(0.1, 1.1, -0.1) (0.0, 0.0, 0.0) (14.9, 177.8, 0.9)
(0.1, 1.1, -0.1) (0.0, 0.0, 0.0) (14.9, 177.8, 0.8)
(0.1, 1.1, -0.1) (0.0, 0.0, 0.0) (14.8, 177.9, 0.8)
(0.1, 1.1, -0.1) (0.0, 0.0, 0.0) (14.9, 177.8, 0.9)
(0.1, 1.1, -0.1) (0.0, 0.0, 0.0) (14.9, 177.8, 0.9)
(0.1, 1.1, -0.1) (0.0, 0.0, 0.0) (14.9, 177.8, 0.9)
(0.1, 1.1, -0.1) (0.0, 0.0, 0.0) (14.7, 177.9, 0.9)
(0.1, 1.1, -0.1) (0.0, 0.0, 0.0) (14.7, 177.9, 0.9)
(0.1, 1.1, -0.1) (0.0, 0.0, 0.0) (14.6, 177.8, 0.9)
(0.1, 1.1, -0.1) (0.0, 0.0, 0.0) (14.6, 177.8, 0.9)
(0.1, 1.1, -0.1) (0.0, 0.0, 0.0) (14.6, 177.8, 0.8)
(0.1, 1.1, -0.1) (0.0, 0.0, 0.0) (14.6, 177.9, 0.8)
(0.1, 1.1, -0.1) (0.0, 0.0, 0.0) (15.1, 177.9, 0.8)
(0.1, 1.1, -0.1) (0.0, 0.0, 0.0) (15.1, 177.9, 0.8)
(0.1, 1.1, -0.1) (0.0, 0.0, 0.0) (14.9, 178.0, 0.8)
(0.1, 1.1, -0.1) (0.0, 0.0, 0.0) (14.7, 178.0, 0.8)
(0.1, 1.1, -0.1) (0.0, 0.0, 0.0) (14.5, 178.0, 0.8)
(0.1, 1.1, -0.1) (0.0, 0.0, 0.0) (14.4, 177.8, 0.7)
(0.1, 1.1, -0.1) (0.0, 0.0, 0.0) (14.2, 177.8, 0.6)
(0.1, 1.1, -0.1) (0.0, 0.0, 0.0) (14.1, 177.6, 0.7)
(0.1, 1.1, -0.1) (0.0, 0.0, 0.0) (14.1, 177.4, 1.0)
(0.1, 1.1, -0.1) (0.0, 0.0, 0.0) (14.0, 177.3, 1.0)
(0.1, 1.1, -0.1) (0.0, 0.0, 0.0) (14.4, 176.7, 1.9)
(0.2, 1.1, -0.1) (0.0, 0.0, 0.0) (14.6, 175.7, 4.4)
(0.2, 1.1, -0.1) (0.0, 0.0, 0.0) (14.1, 174.7, 5.5)
(0.2, 1.1, -0.1) (0.0, 0.0, 0.0) (14.0, 175.3, 5.1)
(0.2, 1.1, -0.1) (0.0, 0.0, 0.0) (13.6, 175.4, 5.1)
(0.2, 1.1, -0.1) (0.0, 0.0, 0.0) (14.0, 175.0, 5.3)
(0.2, 1.1, -0.1) (0.0, 0.0, 0.0) (14.0, 176.7, 4.5)
(0.1, 1.1, -0.1) (0.0, 0.0, 0.0) (13.9, 176.4, 3.7)
(0.1, 1.1, -0.1) (0.0, 0.0, 0.0) (13.0, 175.3, 3.1)
(0.2, 1.1, -0.1) (0.0, 0.0, 0.0) (12.9, 174.5, 3.3)
(0.2, 1.1, -0.1) (0.0, 0.0, 0.0) (13.0, 171.8, 2.8)
(0.2, 1.1, -0.1) (0.0, 0.0, 0.0) (11.9, 167.6, 1.6)
(0.2, 1.1, -0.1) (0.0, 0.0, 0.0) (14.4, 171.8, 7.1)
(0.2, 1.1, -0.1) (0.0, 0.0, 0.0) (16.4, 173.6, 7.2)
(0.2, 1.1, -0.1) (0.0, 0.0, 0.0) (17.4, 174.1, 6.6)
(0.2, 1.1, -0.1) (0.0, 0.0, 0.0) (17.1, 174.1, 6.0)
(0.2, 1.1, -0.1) (0.0, 0.0, 0.0) (16.7, 174.5, 5.7)
(0.1, 1.1, -0.1) (0.0, 0.0, 0.0) (15.5, 180.5, 6.7)
(0.1, 1.1, -0.1) (0.0, 0.0, 0.0) (15.3, 182.4, 6.0)
(0.1, 1.1, -0.1) (0.0, 0.0, 0.0) (14.9, 182.6, 5.7)
(0.1, 1.1, -0.1) (0.0, 0.0, 0.0) (14.9, 186.3, 6.9)
(0.1, 1.1, -0.1) (0.0, 0.0, 0.0) (14.5, 187.7, 7.7)
(0.1, 1.1, -0.1) (0.0, 0.0, 0.0) (13.9, 190.0, 7.7)
(0.1, 1.1, -0.1) (0.0, 0.0, 0.0) (13.1, 190.4, 7.1)
(0.1, 1.1, -0.1) (0.0, 0.0, 0.0) (12.1, 189.4, 4.7)
(0.1, 1.1, -0.1) (0.0, 0.0, 0.0) (12.1, 190.4, 3.9)
(0.1, 1.1, -0.1) (0.0, 0.0, 0.0) (11.9, 189.7, 3.3)
(0.1, 1.1, -0.1) (0.0, 0.0, 0.0) (12.0, 188.7, 3.5)
(0.1, 1.1, -0.1) (0.0, 0.0, 0.0) (12.3, 187.4, 3.5)
(0.1, 1.1, -0.1) (0.0, 0.0, 0.0) (12.3, 186.3, 2.9)
(0.1, 1.1, -0.1) (0.0, 0.0, 0.0) (12.2, 187.8, 5.2)
(0.1, 1.1, -0.1) (0.0, 0.0, 0.0) (12.4, 188.0, 4.3)
(0.1, 1.1, -0.1) (0.0, 0.0, 0.0) (12.5, 187.5, 3.2)
(0.1, 1.1, -0.1) (0.0, 0.0, 0.0) (11.8, 187.5, 2.2)
(0.1, 1.1, -0.1) (0.0, 0.0, 0.0) (12.1, 187.5, 2.8)
(0.1, 1.1, -0.1) (0.0, 0.0, 0.0) (14.5, 187.1, 4.5)
(0.1, 1.1, -0.1) (0.0, 0.0, 0.0) (18.7, 186.0, 5.4)
(0.1, 1.1, -0.1) (0.0, 0.0, 0.0) (21.9, 184.8, 5.2)
(0.1, 1.1, -0.1) (0.0, 0.0, 0.0) (21.5, 184.6, 4.9)
(0.1, 1.1, -0.1) (0.0, 0.0, 0.0) (20.9, 184.6, 5.2)
(0.1, 1.1, -0.1) (0.0, 0.0, 0.0) (20.3, 184.3, 5.2)
(0.1, 1.1, -0.1) (0.0, 0.0, 0.0) (20.0, 184.3, 5.1)
(0.1, 1.1, -0.1) (0.0, 0.0, 0.0) (19.5, 184.3, 5.3)
(0.1, 1.1, -0.1) (0.0, 0.0, 0.0) (19.0, 183.8, 5.5)
(0.1, 1.1, -0.1) (0.0, 0.0, 0.0) (19.3, 184.0, 5.5)
(0.1, 1.1, -0.1) (0.0, 0.0, 0.0) (19.3, 184.0, 5.4)
(0.1, 1.1, -0.1) (0.0, 0.0, 0.0) (19.2, 184.0, 5.6)
(0.1, 1.1, -0.1) (0.0, 0.0, 0.0) (19.1, 183.5, 5.8)
(0.1, 1.1, -0.1) (0.0, 0.0, 0.0) (19.1, 183.5, 5.7)
(0.1, 1.1, -0.1) (0.0, 0.0, 0.0) (19.0, 183.6, 5.6)
(0.1, 1.1, -0.1) (0.0, 0.0, 0.0) (18.8, 183.7, 5.6)
(0.1, 1.1, -0.1) (0.0, 0.0, 0.0) (18.7, 183.6, 5.6)
(0.1, 1.1, -0.1) (0.0, 0.0, 0.0) (18.5, 183.6, 5.6)
(0.1, 1.1, -0.1) (0.0, 0.0, 0.0) (18.5, 183.5, 5.6)
(0.1, 1.1, -0.1) (0.0, 0.0, 0.0) (18.5, 183.6, 5.6)
(0.1, 1.1, -0.1) (0.0, 0.0, 0.0) (18.4, 183.5, 5.6)
(0.1, 1.1, -0.1) (0.0, 0.0, 0.0) (18.3, 183.5, 5.7)
(0.1, 1.1, -0.1) (0.0, 0.0, 0.0) (18.3, 183.5, 5.8)
(0.1, 1.1, -0.1) (0.0, 0.0, 0.0) (18.3, 183.3, 5.7)
(0.1, 1.1, -0.1) (0.0, 0.0, 0.0) (18.3, 183.4, 5.7)
(0.1, 1.1, -0.1) (0.0, 0.0, 0.0) (18.1, 183.3, 5.7)
(0.1, 1.1, -0.1) (0.0, 0.0, 0.0) (17.9, 183.3, 5.7)
(0.1, 1.1, -0.1) (0.0, 0.0, 0.0) (17.9, 183.2, 5.8)
(0.1, 1.1, -0.1) (0.0, 0.0, 0.0) (17.8, 183.2, 5.8)
(0.1, 1.1, -0.1) (0.0, 0.0, 0.0) (17.9, 183.1, 5.8)
(0.1, 1.1, -0.1) (0.0, 0.0, 0.0) (17.7, 183.2, 5.8)
(0.1, 1.1, -0.1) (0.0, 0.0, 0.0) (17.7, 183.2, 5.7)
(0.1, 1.1, -0.1) (0.0, 0.0, 0.0) (17.7, 183.1, 5.8)
(0.1, 1.1, -0.1) (0.0, 0.0, 0.0) (17.6, 183.0, 5.8)
(-0.2, 1.1, -2.5) (-0.1, 0.0, -2.3) (17.6, 274.8, 5.8)
(-0.2, 1.1, -2.5) (-0.1, 0.0, -2.3) (17.6, 274.7, 5.8)
(-0.2, 1.1, -2.5) (-0.1, 0.0, -2.3) (17.5, 274.7, 5.8)
(-0.2, 1.1, -2.5) (-0.1, 0.0, -2.3) (17.4, 275.2, 5.6)
(-0.2, 1.1, -2.4) (-0.1, 0.0, -2.3) (18.3, 289.2, 3.6)
(-0.2, 1.1, -2.4) (-0.1, 0.0, -2.3) (19.4, 313.7, 1.9)
(-0.2, 1.1, -2.4) (-0.1, 0.0, -2.3) (20.2, 328.7, 358.8)
(-0.2, 1.1, -2.4) (-0.1, 0.0, -2.3) (19.0, 339.0, 357.2)
(-0.2, 1.1, -2.4) (-0.1, 0.0, -2.3) (17.5, 343.7, 356.3)
(-0.2, 1.1, -2.4) (-0.1, 0.0, -2.3) (16.6, 346.5, 355.9)
(-0.2, 1.1, -2.4) (-0.1, 0.0, -2.3) (16.5, 348.9, 355.9)
(-0.2, 1.1, -2.4) (-0.1, 0.0, -2.3) (15.0, 349.8, 356.0)
(0.0, 1.1, 0.6) (0.1, 0.0, 0.7) (14.1, 1.6, 355.9)
(0.0, 1.1, 0.6) (0.1, 0.0, 0.7) (13.5, 1.2, 356.2)
(0.0, 1.1, 0.6) (0.1, 0.0, 0.7) (14.5, 355.2, 357.5)
(-0.1, 1.1, 0.6) (0.1, 0.0, 0.7) (19.4, 332.5, 355.9)
(-0.1, 1.1, 0.6) (0.1, 0.0, 0.7) (20.5, 312.9, 355.0)
(-1.7, 1.1, 1.2) (-1.5, 0.0, 1.4) (20.9, 296.5, 356.1)
(-1.7, 1.1, 1.2) (-1.5, 0.0, 1.4) (21.4, 289.6, 357.2)
(-16.7, 1.1, 13.2) (-16.8, 0.0, 13.4) (19.4, 224.7, 358.6)
(-25.7, 1.1, 7.1) (-25.7, 0.0, 7.3) (16.3, 223.5, 358.7)
(0.1, 1.1, -0.1) (0.0, 0.0, 0.0) (6.7, 194.2, 356.3)
(0.1, 1.1, -0.1) (0.0, 0.0, 0.0) (5.4, 195.4, 356.9)
(0.1, 1.1, -0.1) (0.0, 0.0, 0.0) (12.1, 197.2, 356.9)
(0.1, 1.1, -0.1) (0.0, 0.0, 0.0) (15.6, 197.8, 357.3)
(0.1, 1.1, -0.1) (0.0, 0.0, 0.0) (15.4, 196.9, 357.4)
(0.1, 1.1, -0.1) (0.0, 0.0, 0.0) (13.7, 197.6, 357.5)
(0.1, 1.1, -0.1) (0.0, 0.0, 0.0) (13.7, 197.7, 357.7)
(0.1, 1.1, -0.1) (0.0, 0.0, 0.0) (17.0, 198.1, 358.0)
(0.1, 1.1, -0.1) (0.0, 0.0, 0.0) (16.8, 198.1, 358.1)
(0.1, 1.1, -0.1) (0.0, 0.0, 0.0) (16.3, 199.5, 358.7)
(0.1, 1.1, -0.1) (0.0, 0.0, 0.0) (15.6, 203.9, 359.7)
(0.1, 1.1, -0.1) (0.0, 0.0, 0.0) (13.5, 208.4, 359.9)
(0.1, 1.1, -0.1) (0.0, 0.0, 0.0) (11.2, 211.2, 358.8)
(0.1, 1.1, -0.1) (0.0, 0.0, 0.0) (10.8, 212.5, 357.4)
(0.1, 1.1, -0.1) (0.0, 0.0, 0.0) (10.9, 212.1, 356.4)
(0.1, 1.1, -0.1) (0.0, 0.0, 0.0) (9.7, 211.8, 355.0)
(0.1, 1.1, -0.1) (0.0, 0.0, 0.0) (10.8, 212.4, 355.0)
(0.1, 1.1, -0.1) (0.0, 0.0, 0.0) (11.1, 212.4, 355.1)
(0.1, 1.1, -0.1) (0.0, 0.0, 0.0) (11.2, 212.5, 355.2)
(0.1, 1.1, -0.1) (0.0, 0.0, 0.0) (11.4, 212.4, 355.4)
(0.1, 1.1, -0.1) (0.0, 0.0, 0.0) (11.5, 212.3, 355.8)
(0.1, 1.1, -0.1) (0.0, 0.0, 0.0) (12.0, 212.0, 356.5)
(0.1, 1.1, -0.1) (0.0, 0.0, 0.0) (12.5, 211.8, 357.4)
(0.1, 1.1, -0.1) (0.0, 0.0, 0.0) (12.9, 211.5, 357.9)
(0.1, 1.1, -0.1) (0.0, 0.0, 0.0) (12.8, 211.5, 358.0)
(0.1, 1.1, -0.1) (0.0, 0.0, 0.0) (12.6, 211.7, 357.8)
(0.1, 1.1, -0.1) (0.0, 0.0, 0.0) (12.3, 211.7, 357.7)
(0.1, 1.1, -0.1) (0.0, 0.0, 0.0) (12.3, 212.0, 357.5)
(0.1, 1.1, -0.1) (0.0, 0.0, 0.0) (12.2, 212.0, 357.4)
(0.1, 1.1, -0.1) (0.0, 0.0, 0.0) (12.1, 212.0, 357.4)
(0.1, 1.1, -0.1) (0.0, 0.0, 0.0) (12.1, 212.1, 357.4)
(0.1, 1.1, -0.1) (0.0, 0.0, 0.0) (12.2, 212.1, 357.4)
(0.1, 1.1, -0.1) (0.0, 0.0, 0.0) (12.1, 212.1, 357.3)
(0.1, 1.1, -0.1) (0.0, 0.0, 0.0) (12.2, 212.0, 357.5)
(0.1, 1.1, -0.1) (0.0, 0.0, 0.0) (12.2, 211.9, 357.6)
(0.1, 1.1, -0.1) (0.0, 0.0, 0.0) (12.2, 211.8, 357.6)
(0.1, 1.1, -0.1) (0.0, 0.0, 0.0) (12.2, 211.8, 357.6)
(0.1, 1.1, -0.1) (0.0, 0.0, 0.0) (12.1, 211.8, 357.6)
(0.1, 1.1, -0.1) (0.0, 0.0, 0.0) (12.1, 211.7, 357.7)
(0.1, 1.1, -0.1) (0.0, 0.0, 0.0) (12.0, 211.7, 357.6)
(0.1, 1.1, -0.1) (0.0, 0.0, 0.0) (12.0, 211.7, 357.6)
(0.1, 1.1, -0.1) (0.0, 0.0, 0.0) (11.9, 211.7, 357.6)
(0.1, 1.1, -0.1) (0.0, 0.0, 0.0) (12.0, 211.7, 357.6)
(-1.9, 1.1, -2.5) (-2.0, 0.0, -2.3) (12.0, 234.6, 357.7)
(-1.9, 1.1, -2.5) (-2.0, 0.0, -2.3) (12.0, 234.7, 357.7)
(-1.9, 1.1, -2.5) (-2.0, 0.0, -2.3) (11.9, 234.8, 357.7)
(-1.9, 1.1, -2.5) (-2.0, 0.0, -2.3) (13.1, 233.6, 359.0)
(-1.9, 1.1, -2.5) (-2.0, 0.0, -2.3) (25.7, 227.5, 3.3)
(-1.9, 1.0, -2.5) (-2.0, 0.0, -2.3) (40.4, 221.0, 6.2)
(-1.9, 1.0, -2.6) (-2.0, 0.0, -2.3) (47.6, 222.2, 9.9)
(-0.2, 1.0, -0.6) (-0.4, 0.0, -0.7) (53.1, 136.4, 15.5)
(1.7, 1.0, 0.6) (1.8, 0.0, 0.4) (56.8, 50.5, 17.5)
(1.7, 1.0, 0.6) (1.8, 0.0, 0.4) (54.0, 46.8, 13.4)
(0.1, 1.0, -2.2) (-0.2, 0.0, -2.2) (30.5, 106.9, 346.7)
(0.1, 1.0, -2.2) (-0.2, 0.0, -2.2) (26.8, 112.2, 351.4)
(0.2, 1.1, -0.2) (0.0, 0.0, 0.0) (23.4, 199.8, 4.2)
(0.1, 1.1, -0.2) (0.0, 0.0, 0.0) (31.7, 210.9, 8.1)
(0.1, 1.0, -0.2) (0.0, 0.0, 0.0) (34.8, 215.4, 7.5)
(0.1, 1.0, -0.2) (0.0, 0.0, 0.0) (34.2, 214.4, 7.4)
(0.1, 1.0, -0.2) (0.0, 0.0, 0.0) (34.6, 213.3, 6.5)
(0.1, 1.0, -0.2) (0.0, 0.0, 0.0) (33.3, 213.5, 6.4)
(0.1, 1.1, -0.2) (0.0, 0.0, 0.0) (29.2, 213.5, 5.0)
(0.1, 1.1, -0.2) (0.0, 0.0, 0.0) (23.3, 213.7, 3.7)
(0.1, 1.1, -0.1) (0.0, 0.0, 0.0) (18.8, 214.9, 2.5)
(0.1, 1.1, -0.1) (0.0, 0.0, 0.0) (17.0, 215.7, 1.0)
(0.1, 1.1, -0.1) (0.0, 0.0, 0.0) (16.8, 215.5, 0.4)
(0.1, 1.1, -0.1) (0.0, 0.0, 0.0) (17.3, 214.9, 0.5)
(0.1, 1.1, -0.1) (0.0, 0.0, 0.0) (17.0, 214.3, 0.4)
(0.1, 1.1, -0.1) (0.0, 0.0, 0.0) (16.7, 214.4, 0.2)
(0.1, 1.1, -0.1) (0.0, 0.0, 0.0) (18.6, 215.0, 0.1)
(0.1, 1.1, -0.1) (0.0, 0.0, 0.0) (30.7, 215.1, 0.5)
(0.1, 1.1, -0.1) (0.0, 0.0, 0.0) (33.1, 216.3, 359.4)
(0.1, 1.1, -0.1) (0.0, 0.0, 0.0) (31.0, 215.6, 358.8)
(0.1, 1.1, -0.1) (0.0, 0.0, 0.0) (26.2, 214.7, 359.2)
(0.1, 1.1, -0.1) (0.0, 0.0, 0.0) (21.1, 215.3, 359.1)
(0.1, 1.1, -0.1) (0.0, 0.0, 0.0) (17.1, 214.4, 359.3)
(0.1, 1.1, -0.1) (0.0, 0.0, 0.0) (14.9, 212.4, 359.6)
(0.1, 1.1, -0.1) (0.0, 0.0, 0.0) (14.3, 212.2, 359.9)
(0.1, 1.1, -0.1) (0.0, 0.0, 0.0) (14.1, 212.3, 359.7)
(0.1, 1.1, -0.1) (0.0, 0.0, 0.0) (13.9, 212.2, 359.7)
(0.1, 1.1, -0.1) (0.0, 0.0, 0.0) (13.9, 211.7, 359.8)
(0.1, 1.1, -0.1) (0.0, 0.0, 0.0) (14.0, 211.6, 359.8)
(0.1, 1.1, -0.1) (0.0, 0.0, 0.0) (14.0, 211.5, 359.8)
(0.1, 1.1, -0.1) (0.0, 0.0, 0.0) (14.0, 211.4, 359.8)
(0.1, 1.1, -0.1) (0.0, 0.0, 0.0) (13.8, 211.5, 359.8)
(0.1, 1.1, -0.1) (0.0, 0.0, 0.0) (13.6, 211.6, 359.8)
(0.1, 1.1, -0.1) (0.0, 0.0, 0.0) (13.5, 211.8, 359.8)
(0.1, 1.1, -0.1) (0.0, 0.0, 0.0) (13.6, 211.7, 359.7)
(0.1, 1.1, -0.1) (0.0, 0.0, 0.0) (13.5, 211.4, 360.0)
(0.1, 1.1, -0.1) (0.0, 0.0, 0.0) (13.5, 211.2, 0.1)
(0.1, 1.1, -0.1) (0.0, 0.0, 0.0) (13.6, 211.6, 359.9)
(0.1, 1.1, -0.1) (0.0, 0.0, 0.0) (13.5, 211.8, 359.8)
(0.1, 1.1, -0.1) (0.0, 0.0, 0.0) (13.5, 211.7, 359.9)
(0.1, 1.1, -0.1) (0.0, 0.0, 0.0) (13.5, 211.8, 359.8)
(0.1, 1.1, -0.1) (0.0, 0.0, 0.0) (13.5, 211.8, 359.9)
(0.1, 1.1, -0.1) (0.0, 0.0, 0.0) (13.3, 211.9, 359.9)
(0.1, 1.1, -0.1) (0.0, 0.0, 0.0) (13.3, 211.7, 360.0)
(0.1, 1.1, -0.1) (0.0, 0.0, 0.0) (13.3, 211.8, 0.0)
(0.1, 1.1, -0.1) (0.0, 0.0, 0.0) (13.3, 211.5, 0.0)
(0.1, 1.1, -0.1) (0.0, 0.0, 0.0) (13.4, 211.6, 360.0)
(0.1, 1.1, -0.1) (0.0, 0.0, 0.0) (13.3, 211.7, 359.9)
(0.1, 1.1, -0.1) (0.0, 0.0, 0.0) (13.2, 211.7, 360.0)
(0.1, 1.1, -0.1) (0.0, 0.0, 0.0) (13.2, 211.6, 0.0)
(0.1, 1.1, -0.1) (0.0, 0.0, 0.0) (13.1, 211.6, 360.0)
(0.1, 1.1, -0.1) (0.0, 0.0, 0.0) (13.0, 211.7, 0.0)
(0.1, 1.1, -0.1) (0.0, 0.0, 0.0) (12.7, 211.7, 0.0)
(0.1, 1.1, -0.1) (0.0, 0.0, 0.0) (12.6, 211.7, 0.1)
(0.1, 1.1, -0.1) (0.0, 0.0, 0.0) (12.4, 211.7, 0.0)
(0.1, 1.1, -0.1) (0.0, 0.0, 0.0) (12.4, 211.7, 360.0)
(0.1, 1.1, -0.1) (0.0, 0.0, 0.0) (12.3, 211.8, 359.9)
(0.1, 1.1, -0.1) (0.0, 0.0, 0.0) (12.1, 211.8, 359.9)
(0.1, 1.1, -0.1) (0.0, 0.0, 0.0) (12.1, 211.8, 359.8)
(0.1, 1.1, -0.1) (0.0, 0.0, 0.0) (12.0, 211.9, 359.8)
(0.1, 1.1, -0.1) (0.0, 0.0, 0.0) (11.9, 211.9, 359.8)
(0.1, 1.1, -0.1) (0.0, 0.0, 0.0) (11.9, 212.0, 359.8)
(0.1, 1.1, -0.1) (0.0, 0.0, 0.0) (11.9, 211.9, 359.8)
(0.1, 1.1, -0.1) (0.0, 0.0, 0.0) (11.8, 211.9, 359.8)
(0.1, 1.1, -0.1) (0.0, 0.0, 0.0) (11.7, 211.9, 359.8)
(0.1, 1.1, -0.1) (0.0, 0.0, 0.0) (11.6, 211.9, 359.8)
(0.1, 1.1, -0.1) (0.0, 0.0, 0.0) (11.6, 211.8, 359.8)
(0.1, 1.1, -0.1) (0.0, 0.0, 0.0) (11.5, 211.7, 359.8)
(0.1, 1.1, -0.1) (0.0, 0.0, 0.0) (11.5, 211.6, 359.9)
(0.1, 1.1, -0.1) (0.0, 0.0, 0.0) (11.4, 211.5, 359.9)
(0.1, 1.1, -0.1) (0.0, 0.0, 0.0) (11.4, 211.6, 359.9)
(0.1, 1.1, -0.1) (0.0, 0.0, 0.0) (11.3, 211.6, 360.0)
(0.1, 1.1, -0.1) (0.0, 0.0, 0.0) (11.2, 211.6, 360.0)
(0.1, 1.1, -0.1) (0.0, 0.0, 0.0) (11.2, 211.6, 360.0)
(0.1, 1.1, -0.1) (0.0, 0.0, 0.0) (11.2, 211.6, 359.9)
(0.1, 1.1, -0.1) (0.0, 0.0, 0.0) (11.1, 211.6, 359.9)
(0.1, 1.1, -0.1) (0.0, 0.0, 0.0) (11.1, 211.5, 359.9)
(0.1, 1.1, -0.1) (0.0, 0.0, 0.0) (11.0, 211.5, 359.9)
(0.1, 1.1, -0.1) (0.0, 0.0, 0.0) (11.0, 211.6, 359.9)
(0.1, 1.1, -0.1) (0.0, 0.0, 0.0) (10.9, 211.6, 359.8)
(0.1, 1.1, -0.1) (0.0, 0.0, 0.0) (10.8, 211.7, 359.8)
(0.1, 1.1, -0.1) (0.0, 0.0, 0.0) (10.8, 211.7, 359.9)
(0.1, 1.1, -0.1) (0.0, 0.0, 0.0) (10.8, 211.8, 359.9)
(0.1, 1.1, -0.1) (0.0, 0.0, 0.0) (10.8, 211.9, 359.9)
(0.1, 1.1, -0.1) (0.0, 0.0, 0.0) (10.6, 211.8, 359.9)
(0.1, 1.1, -0.1) (0.0, 0.0, 0.0) (10.6, 211.8, 359.9)
(0.1, 1.1, -0.1) (0.0, 0.0, 0.0) (10.6, 211.6, 359.9)
(0.1, 1.1, -0.1) (0.0, 0.0, 0.0) (10.6, 211.6, 360.0)
(0.1, 1.1, -0.1) (0.0, 0.0, 0.0) (10.6, 211.5, 360.0)
(0.1, 1.1, -0.1) (0.0, 0.0, 0.0) (10.4, 211.6, 360.0)
(0.1, 1.1, -0.1) (0.0, 0.0, 0.0) (10.4, 211.6, 360.0)
(0.1, 1.1, -0.1) (0.0, 0.0, 0.0) (10.4, 211.5, 0.0)
(0.1, 1.1, -0.1) (0.0, 0.0, 0.0) (10.3, 211.6, 0.0)
(0.1, 1.1, -0.1) (0.0, 0.0, 0.0) (10.4, 211.6, 0.1)
(0.1, 1.1, -0.1) (0.0, 0.0, 0.0) (10.3, 211.6, 0.0)
(0.1, 1.1, -0.1) (0.0, 0.0, 0.0) (10.2, 211.5, 360.0)
(0.1, 1.1, -0.1) (0.0, 0.0, 0.0) (10.3, 211.6, 359.9)
(0.1, 1.1, -0.1) (0.0, 0.0, 0.0) (10.4, 211.6, 359.9)
(0.1, 1.1, -0.1) (0.0, 0.0, 0.0) (10.2, 211.6, 359.9)
(0.1, 1.1, -0.1) (0.0, 0.0, 0.0) (10.2, 211.6, 359.9)
(0.1, 1.1, -0.1) (0.0, 0.0, 0.0) (10.1, 211.6, 360.0)
(0.1, 1.1, -0.1) (0.0, 0.0, 0.0) (10.0, 211.6, 360.0)
(0.1, 1.1, -0.1) (0.0, 0.0, 0.0) (10.0, 211.6, 0.0)
(0.1, 1.1, -0.1) (0.0, 0.0, 0.0) (9.7, 211.6, 0.0)
(0.1, 1.1, -0.1) (0.0, 0.0, 0.0) (9.7, 211.6, 359.9)
(0.1, 1.1, -0.1) (0.0, 0.0, 0.0) (9.8, 211.2, 0.2)
(0.1, 1.1, -0.1) (0.0, 0.0, 0.0) (9.8, 211.1, 0.3)
(0.1, 1.1, -0.1) (0.0, 0.0, 0.0) (9.8, 211.2, 0.2)
(0.1, 1.1, -0.1) (0.0, 0.0, 0.0) (9.9, 211.2, 0.2)
(0.1, 1.1, -0.1) (0.0, 0.0, 0.0) (10.0, 211.0, 0.3)
(0.1, 1.1, -0.1) (0.0, 0.0, 0.0) (10.3, 211.1, 0.4)
(0.1, 1.1, -0.1) (0.0, 0.0, 0.0) (10.6, 211.0, 0.5)
(0.1, 1.1, -0.1) (0.0, 0.0, 0.0) (10.5, 210.9, 0.4)
(0.1, 1.1, -0.1) (0.0, 0.0, 0.0) (10.2, 210.8, 0.5)
(0.1, 1.1, -0.1) (0.0, 0.0, 0.0) (10.2, 210.9, 0.5)
(0.1, 1.1, -0.1) (0.0, 0.0, 0.0) (10.0, 210.8, 0.5)
(0.1, 1.1, -0.1) (0.0, 0.0, 0.0) (9.8, 210.9, 0.5)
(-1.9, 1.1, -2.5) (-2.0, 0.0, -2.3) (9.8, 238.0, 0.4)
(-1.9, 1.1, -2.5) (-2.0, 0.0, -2.3) (9.4, 238.1, 0.4)
(-1.9, 1.1, -2.5) (-2.0, 0.0, -2.3) (9.6, 238.1, 0.4)
(-1.9, 1.1, -2.5) (-2.0, 0.0, -2.3) (9.6, 238.2, 0.3)
(-1.9, 1.1, -2.5) (-2.0, 0.0, -2.3) (9.7, 238.1, 0.3)
(0.0, 1.1, -0.6) (-0.2, 0.0, -0.5) (9.7, 203.3, 0.4)
(0.0, 1.1, -0.6) (-0.2, 0.0, -0.5) (9.7, 203.3, 0.3)
(0.0, 1.1, -0.6) (-0.2, 0.0, -0.5) (9.6, 203.5, 0.3)
(0.0, 1.1, -0.6) (-0.2, 0.0, -0.5) (9.4, 203.5, 0.3)
(0.0, 1.1, -0.6) (-0.2, 0.0, -0.5) (9.3, 203.6, 0.4)
(0.0, 1.1, -0.6) (-0.2, 0.0, -0.5) (9.2, 203.7, 0.2)
(0.0, 1.1, -0.6) (-0.2, 0.0, -0.5) (9.3, 203.6, 0.3)
(0.0, 1.1, -0.6) (-0.2, 0.0, -0.5) (9.2, 203.6, 0.2)
(0.0, 1.1, -0.6) (-0.2, 0.0, -0.5) (8.5, 202.9, 0.4)
(0.0, 1.1, -0.6) (-0.2, 0.0, -0.5) (6.5, 198.8, 359.7)
(0.0, 1.1, -0.6) (-0.2, 0.0, -0.5) (3.6, 191.2, 359.7)
(0.0, 1.1, -0.6) (-0.2, 0.0, -0.5) (2.0, 183.1, 359.4)
(1.5, 1.1, 1.9) (1.3, 0.0, 2.0) (2.1, 167.9, 359.0)
(1.5, 1.1, 1.9) (1.3, 0.0, 2.0) (4.2, 167.6, 358.3)
(1.9, 1.1, -1.1) (1.7, 0.0, -1.1) (3.9, 149.6, 357.9)
(3.7, 1.1, -5.4) (3.5, 0.0, -5.4) (3.5, 133.4, 358.1)
(6.5, 1.1, -9.4) (6.4, 0.0, -9.5) (2.5, 121.2, 358.7)
(6.5, 1.1, -9.4) (6.4, 0.0, -9.5) (1.4, 123.7, 358.7)
(6.5, 1.1, -9.4) (6.4, 0.0, -9.5) (0.8, 124.0, 358.5)
(6.5, 1.1, -9.4) (6.4, 0.0, -9.5) (359.7, 128.4, 358.8)
(6.5, 1.1, -9.4) (6.4, 0.0, -9.5) (359.2, 132.2, 359.6)
(6.5, 1.1, -9.4) (6.4, 0.0, -9.5) (359.3, 134.8, 359.1)
(5.5, 1.1, -17.2) (5.5, 0.0, -17.0) (359.8, 273.7, 359.4)
(5.4, 1.1, -17.2) (5.5, 0.0, -17.0) (359.8, 278.9, 359.8)
(2.0, 1.1, -16.0) (2.0, 0.0, -15.8) (359.8, 276.3, 359.9)
(2.0, 1.1, -16.0) (2.0, 0.0, -15.8) (359.6, 275.9, 0.0)
(2.0, 1.1, -16.0) (2.0, 0.0, -15.8) (359.7, 272.5, 0.5)
(-2.6, 1.1, -15.6) (-2.8, 0.0, -15.5) (359.1, 204.6, 0.1)
(-2.6, 1.1, -15.6) (-2.8, 0.0, -15.5) (358.5, 204.1, 0.3)
(-2.6, 1.1, -15.6) (-2.8, 0.0, -15.5) (358.9, 204.2, 0.1)
(-5.7, 1.1, -21.6) (-5.8, 0.0, -21.4) (359.1, 229.1, 0.5)
(-5.7, 1.1, -21.6) (-5.8, 0.0, -21.4) (359.3, 227.9, 0.6)
(-11.6, 1.1, -26.0) (-11.8, 0.0, -25.9) (359.0, 197.8, 0.5)
(-15.4, 1.1, -33.5) (-15.5, 0.0, -33.4) (358.8, 215.2, 0.6)
(-21.9, 1.1, -40.0) (-22.0, 0.0, -39.9) (358.8, 234.4, 0.5)
(-21.9, 1.1, -40.0) (-22.0, 0.0, -39.9) (358.7, 234.0, 0.7)
(-29.7, 1.1, -43.9) (-29.8, 0.0, -43.7) (358.8, 253.0, 0.5)
(-38.6, 1.1, -45.1) (-38.6, 0.0, -44.9) (358.7, 271.4, 0.5)
(-51.1, 1.1, -43.4) (-51.1, 0.0, -43.2) (358.8, 288.1, 0.5)
(-51.1, 1.1, -43.4) (-51.1, 0.0, -43.2) (359.0, 288.2, 0.4)
(-60.5, 1.1, -40.9) (-60.5, 0.0, -40.7) (359.1, 243.6, 0.1)
(-71.0, 1.1, -47.0) (-71.2, 0.0, -46.9) (359.2, 205.7, 359.9)
(-71.0, 1.1, -47.0) (-71.2, 0.0, -46.9) (359.2, 205.5, 0.1)
(0.0, 1.5, -0.8) (0.0, 0.0, 0.0) (50.7, 305.7, 24.8)
(0.0, 1.5, -0.8) (0.0, 0.0, 0.0) (55.1, 322.3, 27.4)
(0.1, 1.5, -0.7) (0.0, 0.0, 0.0) (61.4, 322.2, 20.6)
(0.1, 1.5, -0.7) (0.0, 0.0, 0.0) (54.2, 319.8, 18.1)
(0.0, 1.5, -0.7) (0.0, 0.0, 0.0) (25.0, 306.3, 15.5)
(0.0, 1.5, -0.7) (0.0, 0.0, 0.0) (26.1, 305.7, 12.4)
(0.0, 1.5, -0.7) (0.0, 0.0, 0.0) (27.8, 300.1, 12.6)
(-0.1, 1.5, -0.8) (0.0, 0.0, 0.0) (42.3, 271.3, 4.9)
(-0.2, 1.4, -0.8) (0.0, 0.0, 0.0) (45.3, 235.4, 358.6)
(-0.2, 1.3, -0.8) (0.0, 0.0, 0.0) (55.3, 224.8, 357.9)
(-0.2, 1.2, -0.8) (0.0, 0.0, 0.0) (57.0, 218.0, 3.3)
(-0.1, 1.0, -0.8) (0.0, 0.0, 0.0) (54.0, 205.0, 359.7)
(0.0, 0.9, -0.7) (0.0, 0.0, 0.0) (46.4, 202.3, 357.4)
(0.1, 1.0, -0.5) (0.0, 0.0, 0.0) (22.2, 190.4, 348.6)
(0.1, 1.1, -0.3) (0.0, 0.0, 0.0) (10.8, 183.8, 345.3)
(0.1, 1.1, -0.2) (0.0, 0.0, 0.0) (1.1, 173.8, 355.0)
(0.1, 1.1, -0.2) (0.0, 0.0, 0.0) (3.5, 167.6, 4.4)
(0.1, 1.1, -0.2) (0.0, 0.0, 0.0) (2.0, 157.2, 5.2)
(0.1, 1.1, -0.1) (0.0, 0.0, 0.0) (5.8, 158.4, 1.8)
(0.1, 1.1, -0.1) (0.0, 0.0, 0.0) (9.8, 174.3, 358.0)
(0.0, 1.1, -0.1) (0.0, 0.0, 0.0) (14.7, 186.9, 355.9)
(0.0, 1.1, -0.1) (0.0, 0.0, 0.0) (13.8, 196.6, 355.3)
(0.0, 1.1, -0.1) (0.0, 0.0, 0.0) (13.1, 205.0, 354.3)
(0.1, 1.1, 0.0) (0.0, 0.0, 0.0) (12.3, 208.0, 356.0)
(0.1, 1.1, 0.0) (0.0, 0.0, 0.0) (11.8, 207.0, 357.3)
(0.1, 1.1, 0.0) (0.0, 0.0, 0.0) (11.5, 207.1, 355.7)
(0.1, 1.1, 0.0) (0.0, 0.0, 0.0) (12.0, 207.2, 355.7)
(0.1, 1.1, 0.0) (0.0, 0.0, 0.0) (12.4, 206.5, 354.9)
(0.1, 1.1, 0.0) (0.0, 0.0, 0.0) (12.1, 206.3, 355.2)
(0.1, 1.1, 0.0) (0.0, 0.0, 0.0) (12.6, 206.6, 355.2)
(0.1, 1.1, 0.0) (0.0, 0.0, 0.0) (12.8, 206.9, 355.4)
(0.1, 1.1, 0.0) (0.0, 0.0, 0.0) (12.4, 206.9, 355.3)
(0.1, 1.1, 0.0) (0.0, 0.0, 0.0) (12.3, 207.2, 355.2)
(0.1, 1.1, 0.0) (0.0, 0.0, 0.0) (12.2, 207.5, 355.1)
(0.1, 1.1, 0.0) (0.0, 0.0, 0.0) (12.1, 207.3, 355.2)
(0.1, 1.1, 0.0) (0.0, 0.0, 0.0) (11.9, 207.0, 355.2)
(0.1, 1.1, 0.0) (0.0, 0.0, 0.0) (11.8, 207.0, 355.2)
(0.1, 1.1, 0.0) (0.0, 0.0, 0.0) (11.9, 207.0, 355.2)
(0.1, 1.1, 0.0) (0.0, 0.0, 0.0) (11.8, 206.9, 355.3)
(0.1, 1.1, 0.0) (0.0, 0.0, 0.0) (11.7, 206.9, 355.5)
(0.1, 1.1, 0.0) (0.0, 0.0, 0.0) (11.6, 206.9, 355.7)
(0.1, 1.1, 0.0) (0.0, 0.0, 0.0) (11.3, 206.6, 355.6)
(0.1, 1.1, 0.0) (0.0, 0.0, 0.0) (11.2, 206.6, 355.5)
(0.1, 1.1, 0.0) (0.0, 0.0, 0.0) (11.1, 206.5, 355.5)
(0.1, 1.1, 0.0) (0.0, 0.0, 0.0) (10.9, 206.5, 355.7)
(0.1, 1.1, 0.0) (0.0, 0.0, 0.0) (10.7, 206.2, 355.7)
(0.1, 1.1, 0.0) (0.0, 0.0, 0.0) (10.3, 206.1, 355.4)
(0.1, 1.1, 0.0) (0.0, 0.0, 0.0) (10.3, 206.0, 355.1)
(0.1, 1.1, 0.0) (0.0, 0.0, 0.0) (10.0, 205.8, 355.4)
(0.1, 1.1, 0.0) (0.0, 0.0, 0.0) (9.6, 205.6, 355.3)
(0.1, 1.1, 0.0) (0.0, 0.0, 0.0) (9.5, 205.4, 355.5)
(0.1, 1.1, 0.0) (0.0, 0.0, 0.0) (9.5, 205.4, 355.3)
(0.1, 1.1, 0.0) (0.0, 0.0, 0.0) (9.2, 205.4, 355.1)
(0.1, 1.1, 0.0) (0.0, 0.0, 0.0) (9.2, 205.5, 355.0)
(0.1, 1.1, 0.0) (0.0, 0.0, 0.0) (9.0, 205.5, 354.8)
(0.1, 1.1, 0.0) (0.0, 0.0, 0.0) (8.8, 205.5, 354.8)
(0.1, 1.1, 0.0) (0.0, 0.0, 0.0) (8.5, 205.5, 354.9)
(0.1, 1.1, 0.0) (0.0, 0.0, 0.0) (8.4, 205.3, 355.1)
(0.1, 1.1, 0.0) (0.0, 0.0, 0.0) (8.2, 205.3, 355.1)
(0.1, 1.1, 0.0) (0.0, 0.0, 0.0) (8.1, 205.2, 355.0)
(0.1, 1.1, 0.0) (0.0, 0.0, 0.0) (8.2, 205.3, 355.1)
(0.1, 1.1, 0.0) (0.0, 0.0, 0.0) (8.0, 205.2, 355.1)
(0.1, 1.1, 0.0) (0.0, 0.0, 0.0) (7.9, 205.2, 355.0)
(0.1, 1.1, 0.0) (0.0, 0.0, 0.0) (7.7, 205.2, 354.9)
(0.1, 1.1, 0.0) (0.0, 0.0, 0.0) (7.6, 205.1, 355.1)
(0.1, 1.1, 0.0) (0.0, 0.0, 0.0) (7.3, 205.0, 355.0)
(0.1, 1.1, 0.0) (0.0, 0.0, 0.0) (7.2, 205.1, 355.0)
(0.1, 1.1, 0.0) (0.0, 0.0, 0.0) (7.1, 205.1, 355.0)
(0.1, 1.1, 0.0) (0.0, 0.0, 0.0) (7.0, 205.1, 355.0)
(0.1, 1.1, 0.0) (0.0, 0.0, 0.0) (6.9, 205.1, 354.8)
(0.1, 1.1, 0.0) (0.0, 0.0, 0.0) (6.6, 205.1, 354.5)
(0.1, 1.1, 0.0) (0.0, 0.0, 0.0) (6.3, 205.2, 354.2)
(0.1, 1.1, 0.0) (0.0, 0.0, 0.0) (6.0, 205.3, 354.1)
(0.1, 1.1, 0.0) (0.0, 0.0, 0.0) (5.6, 205.2, 354.0)
(-1.9, 1.1, -2.3) (-1.9, 0.0, -2.4) (5.4, 101.1, 353.9)
(-1.9, 1.1, -2.3) (-1.9, 0.0, -2.4) (5.6, 101.1, 354.0)
(-1.9, 1.1, -2.3) (-1.9, 0.0, -2.4) (5.7, 100.9, 354.1)
(-1.9, 1.1, -2.3) (-1.9, 0.0, -2.4) (6.3, 88.5, 355.3)
(-1.9, 1.1, -2.3) (-1.9, 0.0, -2.4) (9.0, 60.0, 356.8)
(-1.9, 1.1, -2.3) (-1.9, 0.0, -2.4) (11.3, 57.8, 358.2)
(-1.9, 1.1, -2.3) (-1.9, 0.0, -2.4) (14.7, 56.2, 358.7)
(-1.9, 1.1, -2.3) (-1.9, 0.0, -2.4) (15.6, 56.6, 359.1)
(-1.9, 1.1, -2.3) (-1.9, 0.0, -2.4) (15.2, 56.1, 359.6)
(-1.9, 1.1, -2.3) (-1.9, 0.0, -2.4) (15.3, 56.7, 359.4)
(-1.9, 1.1, -2.3) (-1.9, 0.0, -2.4) (14.9, 56.8, 359.1)
(0.2, 1.1, 0.0) (0.0, 0.0, 0.0) (1.9, 159.1, 15.5)
(0.2, 1.1, 0.0) (0.0, 0.0, 0.0) (1.9, 161.8, 12.4)
(0.2, 1.1, 0.0) (0.0, 0.0, 0.0) (3.3, 166.8, 9.5)
(0.1, 1.1, 0.0) (0.0, 0.0, 0.0) (4.2, 173.0, 6.0)
(0.1, 1.1, 0.0) (0.0, 0.0, 0.0) (7.6, 187.3, 3.3)
(0.1, 1.1, 0.0) (0.0, 0.0, 0.0) (9.0, 202.1, 1.8)
(0.1, 1.1, 0.0) (0.0, 0.0, 0.0) (8.4, 224.5, 355.9)
(0.0, 1.1, 0.0) (0.0, 0.0, 0.0) (14.4, 251.9, 352.8)
(0.1, 1.1, 0.0) (0.0, 0.0, 0.0) (13.7, 266.0, 354.7)
(0.1, 1.1, 0.0) (0.0, 0.0, 0.0) (10.6, 285.3, 354.8)
(0.1, 1.1, 0.0) (0.0, 0.0, 0.0) (10.4, 301.6, 355.5)
(0.2, 1.1, 0.0) (0.0, 0.0, 0.0) (8.5, 304.4, 355.6)
(0.2, 1.1, 0.0) (0.0, 0.0, 0.0) (8.9, 300.9, 354.5)
(0.1, 1.1, 0.0) (0.0, 0.0, 0.0) (9.8, 300.0, 355.7)
(0.1, 1.1, 0.0) (0.0, 0.0, 0.0) (13.1, 300.9, 355.4)
(0.1, 1.1, 0.1) (0.0, 0.0, 0.0) (15.5, 300.4, 354.5)
(0.1, 1.1, 0.1) (0.0, 0.0, 0.0) (14.6, 299.2, 354.1)
(0.1, 1.1, 0.1) (0.0, 0.0, 0.0) (15.7, 298.3, 354.0)
(0.1, 1.1, 0.1) (0.0, 0.0, 0.0) (14.3, 297.0, 353.4)
(0.1, 1.1, 0.1) (0.0, 0.0, 0.0) (14.4, 295.3, 353.1)
(0.1, 1.1, 0.1) (0.0, 0.0, 0.0) (14.6, 295.0, 353.2)
(0.1, 1.0, 0.1) (0.0, 0.0, 0.0) (15.6, 296.3, 353.0)
(0.1, 1.0, 0.1) (0.0, 0.0, 0.0) (15.5, 296.3, 352.9)
(0.1, 1.0, 0.1) (0.0, 0.0, 0.0) (15.5, 296.9, 352.7)
(0.1, 1.0, 0.1) (0.0, 0.0, 0.0) (15.3, 297.1, 352.5)
(0.1, 1.1, 0.1) (0.0, 0.0, 0.0) (14.8, 296.2, 352.6)
(0.1, 1.0, 0.1) (0.0, 0.0, 0.0) (15.2, 296.4, 352.7)
(0.1, 1.0, 0.1) (0.0, 0.0, 0.0) (15.3, 296.4, 352.6)
(0.1, 1.0, 0.1) (0.0, 0.0, 0.0) (15.2, 296.5, 352.3)
(-1.8, 1.0, 2.3) (-1.9, 0.0, 2.3) (15.3, 345.0, 352.5)
(-1.8, 1.1, 2.3) (-1.9, 0.0, 2.3) (14.8, 344.7, 352.5)
(-1.8, 1.1, 2.3) (-1.9, 0.0, 2.3) (11.7, 339.2, 351.4)
(-1.8, 1.1, 2.3) (-1.9, 0.0, 2.3) (9.9, 329.6, 350.1)
(-1.8, 1.1, 2.3) (-1.9, 0.0, 2.3) (3.8, 290.4, 348.3)
(-1.8, 1.1, 2.2) (-1.9, 0.0, 2.3) (358.6, 240.1, 351.4)
(-1.8, 1.1, 2.2) (-1.9, 0.0, 2.3) (359.4, 221.9, 353.4)
(-1.8, 1.1, 2.2) (-1.9, 0.0, 2.3) (359.6, 213.9, 354.5)
(-1.8, 1.1, 2.2) (-1.9, 0.0, 2.3) (0.2, 211.1, 355.2)
(-1.8, 1.1, 2.2) (-1.9, 0.0, 2.3) (0.6, 211.4, 355.2)
(-1.8, 1.1, 2.2) (-1.9, 0.0, 2.3) (1.4, 228.2, 354.4)
(-1.9, 1.1, 2.2) (-1.9, 0.0, 2.3) (6.0, 275.6, 353.8)
(-1.8, 1.1, 2.3) (-1.9, 0.0, 2.3) (9.0, 327.2, 358.1)
(-1.8, 1.1, 2.3) (-1.9, 0.0, 2.3) (10.5, 357.6, 0.7)
(-1.7, 1.1, 2.3) (-1.9, 0.0, 2.3) (8.6, 8.0, 358.0)
(-1.7, 1.1, 2.2) (-1.9, 0.0, 2.3) (6.8, 13.0, 356.4)
(-1.7, 1.1, 2.2) (-1.9, 0.0, 2.3) (4.8, 9.9, 355.5)
(-1.8, 1.1, 2.2) (-1.9, 0.0, 2.3) (2.0, 330.4, 354.6)
(-1.9, 1.1, 2.2) (-1.9, 0.0, 2.3) (359.4, 254.0, 359.2)
(-1.8, 1.1, 2.2) (-1.9, 0.0, 2.3) (2.5, 211.2, 359.5)
(-1.8, 1.1, 2.2) (-1.9, 0.0, 2.3) (3.4, 192.4, 0.6)
(-1.8, 1.1, 2.2) (-1.9, 0.0, 2.3) (1.3, 172.9, 0.7)
(-1.8, 1.1, 2.3) (-1.9, 0.0, 2.3) (1.7, 142.4, 4.0)
(-1.9, 1.1, 2.3) (-1.9, 0.0, 2.3) (1.6, 137.7, 6.1)
(-1.9, 1.1, 2.3) (-1.9, 0.0, 2.3) (3.4, 137.9, 6.8)
(-1.8, 1.1, 2.3) (-1.9, 0.0, 2.3) (8.6, 139.6, 8.3)
(-1.8, 1.0, 2.3) (-1.9, 0.0, 2.3) (13.8, 140.1, 8.7)
(-1.8, 1.1, 2.3) (-1.9, 0.0, 2.3) (13.6, 142.0, 8.2)
(-1.8, 1.0, 2.3) (-1.9, 0.0, 2.3) (14.2, 146.7, 5.5)
(-1.8, 1.1, 2.3) (-1.9, 0.0, 2.3) (13.1, 147.1, 5.5)
(-1.8, 1.1, 2.3) (-1.9, 0.0, 2.3) (16.2, 149.2, 4.3)
(-1.8, 1.0, 2.3) (-1.9, 0.0, 2.3) (20.3, 148.2, 5.8)
(-1.8, 1.1, 2.2) (-1.9, 0.0, 2.3) (19.7, 148.9, 5.8)
(-1.8, 1.1, 2.2) (-1.9, 0.0, 2.3) (18.8, 153.0, 5.3)
(-1.8, 1.1, 2.2) (-1.9, 0.0, 2.3) (18.8, 158.6, 5.2)
(-1.8, 1.0, 2.2) (-1.9, 0.0, 2.3) (23.2, 159.6, 6.7)
(-1.8, 1.0, 2.2) (-1.9, 0.0, 2.3) (25.9, 160.8, 7.5)
(-1.8, 1.0, 2.2) (-1.9, 0.0, 2.3) (24.5, 162.8, 7.1)
(-1.8, 1.1, 2.2) (-1.9, 0.0, 2.3) (14.1, 174.3, 9.2)
(-1.8, 1.1, 2.2) (-1.9, 0.0, 2.3) (0.6, 192.5, 6.1)
(-1.8, 1.1, 2.2) (-1.9, 0.0, 2.3) (358.5, 198.0, 3.1)
(-0.8, 1.1, 1.4) (-0.8, 0.0, 1.5) (358.7, 197.4, 1.6)
(-0.8, 1.1, 1.4) (-0.8, 0.0, 1.5) (357.5, 200.3, 0.6)
(-0.8, 1.1, 1.4) (-0.8, 0.0, 1.5) (356.7, 203.3, 0.1)
(-0.8, 1.1, 1.4) (-0.8, 0.0, 1.5) (355.2, 206.7, 358.9)
(-0.8, 1.1, 1.4) (-0.8, 0.0, 1.5) (352.6, 221.8, 356.5)
(-0.8, 1.1, 1.4) (-0.8, 0.0, 1.5) (350.7, 237.8, 355.3)
(-0.8, 1.1, 1.4) (-0.8, 0.0, 1.5) (353.2, 242.2, 357.1)
(-0.8, 1.1, 1.4) (-0.8, 0.0, 1.5) (2.1, 240.0, 357.3)
(0.1, 1.1, -0.1) (0.0, 0.0, 0.0) (14.4, 189.2, 356.6)
(0.1, 1.1, -0.1) (0.0, 0.0, 0.0) (17.0, 189.0, 356.9)
(0.1, 1.1, -0.1) (0.0, 0.0, 0.0) (16.2, 189.1, 356.6)
(0.1, 1.1, -0.1) (0.0, 0.0, 0.0) (16.4, 189.2, 356.5)
(0.1, 1.1, -0.1) (0.0, 0.0, 0.0) (16.5, 189.7, 356.2)
(0.1, 1.1, -0.1) (0.0, 0.0, 0.0) (16.5, 189.6, 356.0)
(0.1, 1.1, -0.1) (0.0, 0.0, 0.0) (18.0, 189.4, 355.8)
(0.1, 1.1, -0.1) (0.0, 0.0, 0.0) (18.3, 189.5, 355.9)
(0.1, 1.1, -0.1) (0.0, 0.0, 0.0) (18.3, 189.4, 355.9)
(0.1, 1.1, -0.1) (0.0, 0.0, 0.0) (17.9, 189.4, 355.9)
(0.1, 1.1, -0.1) (0.0, 0.0, 0.0) (17.6, 189.6, 355.9)
(0.1, 1.1, -0.1) (0.0, 0.0, 0.0) (17.0, 189.4, 356.1)
(0.1, 1.1, -0.1) (0.0, 0.0, 0.0) (15.4, 188.6, 356.1)
(0.1, 1.1, -0.1) (0.0, 0.0, 0.0) (13.3, 188.6, 356.2)
(0.1, 1.1, -0.1) (0.0, 0.0, 0.0) (11.0, 188.1, 356.7)
(0.1, 1.1, -0.1) (0.0, 0.0, 0.0) (10.4, 187.9, 355.9)
(0.1, 1.1, -0.1) (0.0, 0.0, 0.0) (10.1, 188.1, 355.6)
(0.1, 1.1, -0.1) (0.0, 0.0, 0.0) (9.7, 188.2, 355.5)
(0.1, 1.1, -0.1) (0.0, 0.0, 0.0) (10.0, 188.2, 355.5)
(0.1, 1.1, -0.1) (0.0, 0.0, 0.0) (10.3, 188.1, 355.4)
(0.1, 1.1, -0.1) (0.0, 0.0, 0.0) (10.8, 188.2, 355.3)
(0.1, 1.1, -0.1) (0.0, 0.0, 0.0) (13.3, 187.6, 355.8)
(0.1, 1.1, -0.1) (0.0, 0.0, 0.0) (15.8, 186.2, 356.3)
(0.1, 1.1, -0.1) (0.0, 0.0, 0.0) (16.2, 185.6, 356.0)
(0.1, 1.1, -0.1) (0.0, 0.0, 0.0) (16.0, 185.8, 355.7)
(0.1, 1.1, -0.1) (0.0, 0.0, 0.0) (15.7, 186.1, 355.5)
(0.1, 1.1, -0.1) (0.0, 0.0, 0.0) (15.4, 186.1, 355.5)
(0.1, 1.1, -0.1) (0.0, 0.0, 0.0) (15.5, 186.0, 355.7)
(0.1, 1.1, -0.1) (0.0, 0.0, 0.0) (15.5, 186.1, 355.8)
(0.1, 1.1, -0.1) (0.0, 0.0, 0.0) (15.7, 186.1, 355.8)
(0.1, 1.1, -0.1) (0.0, 0.0, 0.0) (15.7, 186.1, 355.8)
(0.1, 1.1, -0.1) (0.0, 0.0, 0.0) (14.8, 186.3, 355.8)
(0.1, 1.1, -0.1) (0.0, 0.0, 0.0) (15.0, 186.3, 355.8)
(0.1, 1.1, -0.1) (0.0, 0.0, 0.0) (14.7, 186.6, 355.8)
(0.1, 1.1, -0.1) (0.0, 0.0, 0.0) (14.8, 186.6, 355.5)
(0.1, 1.1, -0.1) (0.0, 0.0, 0.0) (15.6, 187.1, 355.5)
(0.1, 1.1, -0.1) (0.0, 0.0, 0.0) (15.5, 187.2, 355.4)
(0.1, 1.1, -0.1) (0.0, 0.0, 0.0) (15.1, 187.1, 355.4)
(-0.2, 1.1, -2.5) (-0.1, 0.0, -2.3) (14.9, 261.4, 355.6)
(-0.2, 1.1, -2.5) (-0.1, 0.0, -2.3) (14.5, 261.3, 355.6)
(-0.2, 1.1, -2.5) (-0.1, 0.0, -2.3) (14.8, 262.9, 355.2)
(-0.2, 1.1, -2.4) (-0.1, 0.0, -2.3) (19.2, 286.7, 355.0)
(-0.2, 1.1, -2.4) (-0.1, 0.0, -2.3) (20.9, 322.0, 359.6)
(-0.1, 1.1, -2.4) (-0.1, 0.0, -2.3) (21.3, 341.7, 359.6)
(-0.1, 1.1, -2.4) (-0.1, 0.0, -2.3) (20.0, 349.1, 359.0)
(-0.1, 1.1, -2.4) (-0.1, 0.0, -2.3) (17.9, 350.8, 358.4)
(-0.1, 1.1, -2.4) (-0.1, 0.0, -2.3) (17.3, 352.7, 358.6)
(0.0, 1.1, 0.6) (0.0, 0.0, 0.7) (16.4, 357.8, 357.9)
(0.0, 1.1, 0.6) (0.0, 0.0, 0.7) (17.1, 355.9, 356.5)
(0.0, 1.1, 0.6) (0.0, 0.0, 0.7) (17.2, 351.6, 355.9)
(0.0, 1.1, 0.6) (0.0, 0.0, 0.7) (16.3, 348.8, 355.0)
(0.0, 1.1, 0.6) (0.0, 0.0, 0.7) (15.1, 345.6, 354.3)
(0.0, 1.1, 0.6) (0.0, 0.0, 0.7) (14.4, 343.1, 354.3)
(0.0, 1.1, 0.6) (0.0, 0.0, 0.7) (13.6, 340.0, 354.0)
(0.0, 1.1, 0.6) (0.0, 0.0, 0.7) (12.5, 336.7, 353.5)
(-0.7, 1.1, 3.4) (-0.6, 0.0, 3.4) (11.6, 37.9, 353.2)
(-0.7, 1.1, 3.4) (-0.6, 0.0, 3.4) (10.4, 36.2, 352.5)
(-0.7, 1.1, 3.4) (-0.6, 0.0, 3.4) (10.1, 36.0, 351.6)
(-0.7, 1.1, 3.4) (-0.6, 0.0, 3.4) (9.0, 35.0, 351.2)
(-0.7, 1.1, 3.4) (-0.6, 0.0, 3.4) (7.3, 30.6, 350.2)
(-0.7, 1.1, 3.4) (-0.6, 0.0, 3.4) (5.1, 25.5, 349.5)
(-0.7, 1.1, 3.4) (-0.6, 0.0, 3.4) (4.3, 22.0, 348.9)
(-0.7, 1.1, 3.4) (-0.6, 0.0, 3.4) (2.9, 18.6, 349.0)
(-0.7, 1.1, 3.4) (-0.6, 0.0, 3.4) (0.9, 15.2, 349.0)
(12.4, 1.1, 37.6) (12.3, 0.0, 37.5) (359.5, 123.9, 348.8)
(12.4, 1.1, 37.6) (12.3, 0.0, 37.5) (358.1, 122.6, 348.9)
(12.4, 1.1, 37.6) (12.3, 0.0, 37.5) (357.7, 120.6, 349.3)
(25.4, 1.1, 27.1) (25.3, 0.0, 27.2) (356.8, 207.0, 349.9)
(25.4, 1.1, 27.1) (25.3, 0.0, 27.2) (352.4, 196.1, 351.0)
(25.4, 1.1, 27.1) (25.3, 0.0, 27.2) (346.8, 186.2, 351.9)
(25.4, 1.1, 27.1) (25.3, 0.0, 27.2) (342.4, 179.7, 352.3)
(25.4, 1.1, 27.1) (25.3, 0.0, 27.2) (340.7, 175.9, 353.9)
(25.4, 1.1, 27.1) (25.3, 0.0, 27.2) (337.7, 172.0, 353.9)
(25.4, 1.1, 27.2) (25.3, 0.0, 27.2) (335.6, 171.7, 352.3)
(25.4, 1.1, 27.2) (25.3, 0.0, 27.2) (332.6, 171.3, 352.3)
(25.4, 1.1, 27.1) (25.3, 0.0, 27.2) (329.6, 169.6, 354.4)
(25.4, 1.1, 27.1) (25.3, 0.0, 27.2) (339.8, 162.9, 358.1)
(25.4, 1.1, 27.1) (25.3, 0.0, 27.2) (337.5, 160.4, 359.9)
(25.4, 1.1, 27.2) (25.3, 0.0, 27.2) (332.6, 154.8, 0.6)
(25.4, 1.2, 27.2) (25.3, 0.0, 27.2) (308.0, 154.7, 6.8)
(25.4, 1.2, 27.2) (25.3, 0.0, 27.2) (281.0, 93.5, 68.2)
(25.4, 1.2, 27.2) (25.3, 0.0, 27.2) (288.2, 133.7, 29.3)
(25.4, 1.2, 27.2) (25.3, 0.0, 27.2) (273.2, 126.5, 38.9)
(25.4, 1.2, 27.2) (25.3, 0.0, 27.2) (271.5, 62.2, 115.4)
(25.4, 1.2, 27.2) (25.3, 0.0, 27.2) (271.5, 42.8, 143.8)
(25.4, 1.2, 27.2) (25.3, 0.0, 27.2) (273.8, 261.1, 280.1)
(25.4, 1.2, 27.2) (25.3, 0.0, 27.2) (273.8, 300.9, 247.3)
(25.4, 1.2, 27.2) (25.3, 0.0, 27.2) (273.7, 344.0, 209.5)
