Start time:0.2826349
(0.1, 0.5) 14.31362
(0.0, 0.3) 5.242469
(-0.1, 0.3) -8.395899
(-0.1, 0.4) -13.28555
(-0.1, 0.4) -14.88016
(-0.1, 0.4) -14.88205
(-0.1, 0.4) -14.71746
(-0.1, 0.4) -14.57603
(-0.1, 0.4) -14.63065
(-0.1, 0.4) -15.05085
(-0.1, 0.4) -16.12428
(-0.1, 0.4) -17.19814
(-0.1, 0.3) -16.13938
(0.0, 0.2) 7.368014
(0.1, 0.2) 23.75873
(0.0, 0.4) 0.7556288
(-0.1, 0.5) -7.491665
(-0.1, 0.5) -9.085624
(-0.1, 0.5) -9.82301
(-0.1, 0.5) -10.24843
(-0.1, 0.5) -10.51247
(-0.1, 0.5) -11.37844
(-0.1, 0.5) -12.22481
(-0.1, 0.5) -12.83063
(-0.1, 0.5) -11.13634
(-0.1, 0.5) -7.284026
(0.0, 0.5) -4.14482
(-0.2, 0.6) -22.27584
(-0.4, 0.6) -32.29773
(-0.4, 0.6) -38.00479
(-0.5, 0.6) -40.43242
(-0.5, 0.5) -46.61585
(-0.7, 0.3) -65.4171
(-0.7, 0.2) -74.39884
(-0.8, 0.2) -76.53489
(-0.8, 0.2) -77.65093
(-0.8, 0.1) -84.36402
(-0.8, -0.1) -95.13337
(-0.8, -0.1) -97.84711
(-0.8, -0.1) -98.11163
(-0.8, -0.1) -97.28435
(-0.7, 0.1) -78.16566
(-0.5, 0.4) -51.85833
(-0.4, 0.6) -32.74824
(-0.2, 0.7) -19.08296
(-0.2, 0.7) -12.73733
(-0.1, 0.8) -5.598462
(0.0, 0.8) -0.06852804
(0.0, 0.8) 1.406113
(0.0, 0.8) 2.541758
(0.1, 0.9) 5.48598
(0.1, 0.9) 7.142074
(0.1, 0.9) 8.48575
(0.2, 0.8) 15.23425
(0.3, 0.8) 18.43002
(0.3, 0.8) 18.82634
(0.3, 0.8) 18.8358
(0.2, 0.8) 16.47062
(0.1, 0.9) 8.707864
(0.1, 0.9) 5.041
(0.1, 0.9) 4.282903
(0.1, 0.9) 4.212962
(0.1, 0.8) 4.318696
(0.1, 0.8) 4.456148
(0.1, 0.8) 4.485152
(0.1, 0.8) 4.450123
(0.1, 0.8) 4.302294
(0.1, 0.8) 4.146001
(0.1, 0.8) 3.792508
(0.0, 0.8) 1.767686
(0.0, 0.8) -0.04845664
(-0.1, 0.8) -5.326272
(-0.1, 0.7) -6.808901
(0.1, 0.7) 5.858793
(0.2, 0.7) 14.90663
(0.3, 0.7) 21.9982
(0.4, 0.7) 28.87833
(0.4, 0.6) 36.20478
(0.5, 0.6) 38.29626
(0.5, 0.6) 38.34921
(0.4, 0.6) 38.22326
(0.4, 0.6) 38.00485
(0.4, 0.6) 37.68867
(0.4, 0.6) 36.90572
(0.0, 0.5) 5.447804
(0.0, 0.5) -2.818417
(-0.1, 0.5) -5.675818
(-0.1, 0.5) -6.733302
(-0.1, 0.5) -7.434082
(-0.1, 0.6) -7.12874
(0.0, 0.7) -3.437751
(0.0, 0.7) 1.593113
(0.1, 0.7) 3.871762
(0.1, 0.7) 5.58367
(0.1, 0.7) 5.731589
(0.0, 0.7) 3.973749
(0.0, 0.7) 0.01978234
(-0.1, 0.7) -4.613927
(-0.1, 0.7) -5.723958
(-0.1, 0.7) -5.852634
(-0.1, 0.7) -5.54475
(-0.1, 0.7) -5.150352
(-0.1, 0.7) -4.916973
(-0.1, 0.7) -4.512971
(0.0, 0.7) -3.882923
(0.0, 0.7) -3.16075
(0.0, 0.7) -2.032207
(0.0, 0.7) -0.1724585
(0.0, 0.7) 1.332514
(0.0, 0.7) 2.099097
(0.0, 0.7) 2.467993
(0.0, 0.7) 2.435983
(0.0, 0.7) 1.40931
(0.0, 0.7) 0.583833
(0.0, 0.7) -0.7260464
Start time:0.3019768
(-0.6, -0.1) -98.89089
(-0.6, -0.1) -98.83241
(-0.6, -0.1) -98.51057
(-0.6, -0.1) -98.46945
(-0.6, -0.1) -98.47499
(-0.6, -0.1) -98.53093
(-0.6, -0.1) -98.51485
(-0.6, -0.1) -98.42303
(-0.6, -0.1) -98.31336
(-0.6, -0.1) -98.20019
(-0.6, -0.1) -98.14211
(-0.6, -0.1) -98.27898
(-0.6, -0.1) -98.56094
(-0.6, -0.1) -98.82549
(-0.6, -0.1) -98.82207
(-0.6, -0.1) -98.63959
(-0.6, -0.1) -98.47515
(-0.6, -0.1) -98.32668
(-0.6, -0.1) -98.23199
(-0.6, -0.1) -98.29749
(-0.6, -0.1) -98.67369
(-0.6, -0.1) -99.03764
(-0.6, -0.1) -99.2954
(-0.6, -0.1) -99.50071
(-0.6, -0.1) -99.64923
(-0.6, -0.1) -99.77891
(-0.5, -0.1) -98.01283
(-0.6, -0.1) -101.3648
Start time:6.107211
Start time:6.495857
Start time:6.839363
(-0.1, 0.3) -10.79005
(-0.1, 0.3) -14.12959
(-0.1, 0.3) -15.3159
(-0.1, 0.4) -14.98303
(-0.1, 0.4) -14.81611
(-0.1, 0.4) -14.7855
(-0.1, 0.4) -14.87167
(-0.1, 0.4) -15.04256
(-0.1, 0.4) -14.99103
(-0.1, 0.3) -8.736173
(0.1, 0.2) 15.06796
(0.1, 0.2) 23.1952
(0.1, 0.2) 24.58179
(0.1, 0.2) 21.9135
(0.1, 0.2) 13.97959
(0.1, 0.2) 13.97959
(0.1, 0.2) 13.97959
(0.0, 0.3) 5.264475
(0.0, 0.3) 4.689306
(0.1, 0.3) 13.47413
(0.1, 0.3) 16.44107
(0.1, 0.3) 17.54313
(0.1, 0.3) 18.92951
(0.1, 0.3) 21.13652
(0.1, 0.3) 24.30224
(0.2, 0.3) 30.2126
(0.2, 0.3) 36.27695
(0.2, 0.3) 37.35009
(0.2, 0.3) 36.76248
(0.2, 0.3) 35.45389
(0.2, 0.3) 34.15236
(0.2, 0.3) 33.41207
(0.2, 0.3) 32.86297
(0.2, 0.3) 32.37466
(0.2, 0.3) 32.05071
(0.2, 0.3) 31.82096
(0.2, 0.3) 31.67859
(0.2, 0.3) 31.58055
(0.2, 0.3) 31.48799
(0.2, 0.3) 31.40443
(0.2, 0.3) 31.2964
(0.2, 0.3) 31.11364
(0.2, 0.3) 30.75576
(0.2, 0.3) 30.39395
(0.2, 0.3) 30.12575
(0.2, 0.3) 29.84138
(0.1, 0.3) 29.47682
(0.1, 0.3) 29.15768
(0.1, 0.3) 28.9413
(0.1, 0.3) 28.70772
(0.1, 0.3) 29.11249
(0.2, 0.3) 31.07717
(0.2, 0.2) 42.55132
(0.3, 0.2) 54.89826
(0.3, 0.2) 57.92651
(0.3, 0.2) 57.65851
(0.3, 0.2) 55.28959
(0.2, 0.2) 46.33195
(0.2, 0.2) 36.08981
(0.2, 0.2) 34.10201
(0.2, 0.2) 33.40207
(0.2, 0.2) 37.39942
(0.2, 0.2) 41.31287
(0.2, 0.2) 45.15837
(0.2, 0.2) 47.23637
(0.3, 0.2) 47.93752
(0.3, 0.2) 48.00791
(0.3, 0.2) 47.90644
(0.2, 0.2) 47.51798
(0.2, 0.2) 47.16311
(0.2, 0.2) 46.51903
(0.2, 0.2) 45.82022
(0.2, 0.2) 44.72289
(0.2, 0.2) 42.99742
(0.2, 0.2) 40.0122
(0.2, 0.3) 39.11456
(0.2, 0.3) 39.5168
(0.2, 0.3) 40.04835
(0.2, 0.3) 41.61171
(0.2, 0.2) 43.75204
(0.3, 0.2) 46.33625
(0.3, 0.2) 47.46901
(0.3, 0.2) 47.7865
(0.3, 0.2) 47.61357
(0.3, 0.2) 47.26032
(0.3, 0.2) 47.02013
(0.3, 0.3) 46.87888
(0.3, 0.3) 46.80282
(0.3, 0.3) 46.87676
(0.3, 0.3) 46.95481
(0.3, 0.3) 46.88298
(0.3, 0.3) 46.73089
(0.3, 0.3) 46.60554
(0.3, 0.3) 46.55254
(0.3, 0.3) 46.53055
(0.3, 0.3) 46.52576
(0.3, 0.3) 46.34491
(0.3, 0.3) 45.99795
(0.3, 0.3) 45.60315
(0.3, 0.3) 45.35419
(0.3, 0.3) 45.07766
(0.3, 0.3) 44.75336
(0.3, 0.3) 44.48252
(0.3, 0.3) 44.21422
(0.2, 0.3) 44.0008
(0.2, 0.3) 43.79682
(0.2, 0.3) 43.67796
(0.2, 0.3) 43.47308
(0.2, 0.3) 43.27903
(0.2, 0.3) 43.18118
(0.2, 0.3) 43.09863
(0.2, 0.3) 42.97161
(0.2, 0.3) 42.75176
(0.2, 0.3) 42.54857
(0.2, 0.3) 42.37984
(0.2, 0.3) 42.28247
(0.2, 0.3) 42.24396
(0.2, 0.3) 42.16461
(0.2, 0.3) 42.21895
(0.2, 0.3) 42.51194
(0.2, 0.3) 42.66306
(0.2, 0.3) 42.79711
(0.2, 0.3) 42.88153
(0.2, 0.3) 42.98367
(0.2, 0.3) 43.02216
(0.2, 0.3) 43.03915
(0.2, 0.3) 43.14412
(0.2, 0.3) 43.21194
(0.2, 0.3) 43.25098
(0.2, 0.3) 43.18753
(0.2, 0.3) 43.06853
(0.2, 0.3) 43.08482
(0.2, 0.3) 43.1113
(0.2, 0.3) 43.06936
(0.2, 0.3) 42.94068
(0.2, 0.3) 42.71711
(0.2, 0.3) 42.4542
(0.2, 0.3) 42.05134
(0.2, 0.3) 41.75074
(0.2, 0.3) 41.20978
(0.2, 0.3) 39.97314
(0.2, 0.3) 36.25496
(0.2, 0.3) 30.79228
(0.1, 0.3) 23.51378
(0.1, 0.3) 16.60632
(0.0, 0.3) -1.522128
(-0.1, 0.3) -15.0364
(-0.1, 0.3) -19.26742
(-0.1, 0.3) -27.23621
(-0.2, 0.2) -34.81128
(-0.2, 0.2) -47.39099
(-0.3, 0.2) -59.45469
(-0.3, 0.2) -64.73132
(-0.4, 0.1) -69.40263
(-0.4, 0.1) -73.80915
(-0.4, 0.1) -75.20058
(-0.4, 0.1) -76.4725
(-0.4, 0.1) -81.15405
(-0.5, 0.0) -88.29341
(-0.5, 0.0) -91.79359
(-0.5, 0.0) -88.55387
(-0.4, 0.2) -68.41311
(-0.3, 0.3) -52.93498
(-0.3, 0.3) -44.8811
(-0.3, 0.3) -44.52493
(-0.3, 0.3) -44.66333
(-0.3, 0.3) -50.20638
(-0.4, 0.1) -77.78545
(-0.5, -0.2) -109.2055
(-0.4, -0.4) -134.214
(-0.3, -0.4) -145.4693
(-0.3, -0.4) -148.1113
(-0.3, -0.4) -147.4257
(-0.4, -0.4) -139.3534
(-0.5, -0.4) -131.1455
(-0.5, -0.4) -130.512
(-0.5, -0.4) -130.7941
(-0.5, -0.4) -131.7181
(-0.4, -0.4) -133.1946
(-0.4, -0.4) -135.1994
(-0.4, -0.4) -137.3355
(-0.4, -0.4) -138.2491
(-0.4, -0.4) -137.6719
(-0.4, -0.4) -136.6481
(-0.4, -0.4) -135.4363
(-0.4, -0.4) -134.5128
(-0.4, -0.4) -133.8136
(-0.4, -0.4) -133.42
(-0.4, -0.4) -133.2343
(-0.4, -0.4) -133.1756
(-0.4, -0.4) -133.167
(-0.4, -0.4) -133.2847
(-0.4, -0.4) -133.4285
(-0.4, -0.4) -133.6357
(-0.4, -0.4) -133.8953
(-0.4, -0.4) -134.1407
(-0.4, -0.4) -134.221
(-0.4, -0.4) -134.2671
(-0.4, -0.4) -134.1874
(-0.4, -0.4) -134.0845
(-0.4, -0.4) -133.9713
(-0.4, -0.4) -133.8882
(-0.4, -0.4) -133.8085
(-0.4, -0.4) -133.753
(-0.4, -0.4) -133.6888
(-0.4, -0.4) -133.6479
(-0.4, -0.4) -133.6512
(-0.4, -0.4) -133.6575
(-0.4, -0.4) -133.6189
(-0.4, -0.4) -133.5105
(-0.4, -0.4) -133.4934
(-0.4, -0.4) -133.4868
(-0.4, -0.4) -133.4782
(-0.4, -0.4) -133.4699
(-0.4, -0.4) -133.6568
(-0.4, -0.4) -134.5299
(-0.4, -0.4) -136.1501
(-0.3, -0.4) -137.7698
(-0.3, -0.4) -138.4502
(-0.3, -0.4) -138.7513
(-0.3, -0.4) -138.8678
(-0.3, -0.4) -138.8922
(-0.3, -0.4) -138.7055
(-0.3, -0.4) -138.5557
(-0.3, -0.4) -138.391
(-0.3, -0.4) -138.3302
(-0.3, -0.4) -138.2812
(-0.3, -0.4) -138.1392
(-0.3, -0.4) -137.997
(-0.3, -0.4) -137.953
(-0.3, -0.4) -137.9119
(-0.3, -0.4) -137.8076
(-0.3, -0.4) -137.7305
(-0.3, -0.4) -137.6223
(-0.3, -0.4) -137.5565
(-0.3, -0.4) -137.4853
(-0.3, -0.4) -137.4109
(-0.3, -0.4) -137.3743
(-0.3, -0.4) -137.3709
(-0.3, -0.4) -137.3635
(-0.3, -0.4) -137.3576
(-0.3, -0.4) -137.3357
(-0.3, -0.4) -137.2724
(-0.3, -0.4) -137.2067
(-0.3, -0.4) -137.1919
(-0.3, -0.4) -137.2666
(-0.3, -0.4) -137.3766
(-0.3, -0.4) -137.4231
(-0.3, -0.4) -137.4665
(-0.3, -0.4) -137.4462
(-0.3, -0.4) -137.4456
(-0.3, -0.4) -137.4125
(-0.3, -0.4) -137.3798
(-0.3, -0.4) -137.3611
(-0.3, -0.4) -137.3278
(-0.3, -0.4) -137.2877
(-0.3, -0.4) -137.234
(-0.3, -0.4) -137.2185
(-0.3, -0.4) -137.2274
(-0.3, -0.4) -137.2114
(-0.3, -0.4) -137.1613
(-0.3, -0.4) -137.1228
(-0.3, -0.4) -137.1039
(-0.3, -0.4) -137.1027
(-0.3, -0.4) -137.1141
(-0.3, -0.4) -137.1153
(-0.3, -0.4) -137.1204
(-0.3, -0.4) -137.1363
(-0.3, -0.4) -137.1289
(-0.3, -0.4) -137.1093
(-0.3, -0.4) -137.1041
(-0.3, -0.4) -137.1109
(-0.3, -0.4) -137.1018
(-0.3, -0.4) -137.0934
(-0.3, -0.4) -137.0467
(-0.3, -0.4) -136.9779
(-0.3, -0.4) -136.9226
(-0.3, -0.4) -136.8547
(-0.3, -0.4) -136.8055
(-0.3, -0.4) -136.8035
(-0.3, -0.4) -136.7782
(-0.3, -0.4) -136.7269
(-0.3, -0.4) -136.7051
(-0.3, -0.4) -136.7786
(-0.3, -0.4) -136.9566
(-0.3, -0.4) -137.2817
(-0.3, -0.4) -137.6591
(-0.3, -0.4) -138.2889
(-0.3, -0.4) -139.0098
(-0.3, -0.4) -140.0416
(-0.3, -0.4) -140.7906
(-0.3, -0.4) -141.1043
(-0.3, -0.4) -140.3937
(-0.3, -0.4) -139.5252
(-0.3, -0.4) -138.9419
(-0.3, -0.4) -138.5633
(-0.3, -0.4) -138.3848
(-0.3, -0.4) -138.193
(-0.3, -0.4) -137.948
(-0.3, -0.4) -137.8119
(-0.3, -0.4) -137.6577
(-0.3, -0.4) -137.6076
(-0.3, -0.4) -137.5779
(-0.3, -0.4) -137.578
(-0.3, -0.4) -137.6072
(-0.3, -0.4) -137.6667
(-0.3, -0.4) -137.7696
(-0.3, -0.4) -137.8708
(-0.3, -0.4) -137.9372
(-0.3, -0.4) -137.9904
(-0.3, -0.4) -138.0084
(-0.3, -0.4) -138.0064
(-0.3, -0.4) -137.9932
(-0.3, -0.4) -137.9892
(-0.3, -0.4) -137.9697
(-0.3, -0.4) -137.949
(-0.3, -0.4) -137.9068
(-0.3, -0.4) -137.8975
(-0.3, -0.4) -137.8871
(-0.3, -0.4) -137.8683
(-0.3, -0.4) -137.8365
(-0.3, -0.4) -137.7254
(-0.3, -0.4) -137.6714
(-0.3, -0.4) -137.6708
(-0.3, -0.4) -137.6858
(-0.3, -0.4) -137.6888
(-0.3, -0.4) -137.6983
(-0.3, -0.4) -137.7012
(-0.3, -0.4) -137.7089
(-0.3, -0.4) -137.7447
(-0.3, -0.4) -137.7753
(-0.3, -0.4) -137.8352
(-0.3, -0.4) -137.8896
(-0.3, -0.4) -137.9487
(-0.3, -0.4) -138.0242
(-0.3, -0.4) -138.2296
(-0.3, -0.4) -138.4204
(-0.3, -0.4) -138.5284
(-0.3, -0.3) -138.5641
(-0.3, -0.3) -138.6561
(-0.3, -0.3) -138.946
(-0.3, -0.3) -140.1722
(-0.3, -0.3) -142.0108
(-0.2, -0.3) -142.9243
(-0.2, -0.3) -143.2143
(-0.2, -0.3) -142.8889
(-0.2, -0.3) -142.649
(-0.2, -0.3) -142.6444
(-0.3, -0.3) -140.225
(-0.3, -0.3) -132.0611
(-0.4, -0.3) -129.4403
(-0.4, -0.3) -129.762
(-0.4, -0.3) -131.1601
(-0.3, -0.3) -133.0349
(-0.3, -0.3) -134.9791
(-0.3, -0.3) -136.5948
(-0.3, -0.3) -137.3628
(-0.3, -0.3) -137.7843
(-0.3, -0.3) -137.9723
(-0.3, -0.3) -138.0951
(-0.3, -0.3) -138.1682
(-0.3, -0.3) -138.1026
(-0.3, -0.3) -137.9697
(-0.3, -0.3) -137.8587
(-0.3, -0.3) -137.7843
(-0.3, -0.3) -137.7218
(-0.3, -0.3) -137.5891
(-0.3, -0.3) -137.496
(-0.3, -0.3) -137.534
(-0.3, -0.3) -137.6154
(-0.3, -0.3) -137.6655
(-0.3, -0.3) -137.6465
(-0.3, -0.3) -137.5937
(-0.3, -0.3) -137.5573
(-0.3, -0.3) -137.5604
(-0.3, -0.3) -137.6223
(-0.3, -0.3) -137.746
(-0.3, -0.3) -137.8554
(-0.3, -0.3) -137.7922
(-0.3, -0.3) -137.6696
(-0.3, -0.3) -137.6923
(-0.3, -0.3) -138.1013
(-0.3, -0.3) -138.4018
(-0.3, -0.3) -138.5608
(-0.3, -0.3) -138.6535
(-0.3, -0.3) -138.7331
(-0.3, -0.3) -138.7755
(-0.3, -0.3) -138.7995
(-0.3, -0.3) -138.7917
(-0.3, -0.3) -138.7691
(-0.3, -0.3) -138.7235
(-0.3, -0.3) -138.716
(-0.3, -0.3) -138.6767
(-0.3, -0.3) -138.665
(-0.3, -0.3) -138.6205
(-0.3, -0.3) -138.3672
(-0.3, -0.3) -138.2033
(-0.3, -0.3) -138.1595
(-0.3, -0.3) -138.1424
(-0.3, -0.3) -138.1148
(-0.3, -0.3) -137.8797
(-0.3, -0.3) -137.6263
(-0.3, -0.3) -137.5019
(-0.3, -0.3) -137.4939
(-0.3, -0.3) -137.427
(-0.3, -0.3) -137.2843
(-0.3, -0.3) -137.3287
(-0.3, -0.3) -137.5241
(-0.3, -0.3) -137.7046
(-0.3, -0.3) -137.8275
(-0.3, -0.3) -137.6415
(-0.3, -0.3) -137.5127
(-0.3, -0.3) -137.3764
(-0.3, -0.3) -137.1628
(-0.3, -0.3) -136.8901
(-0.3, -0.3) -136.8105
(-0.3, -0.3) -136.7746
(-0.3, -0.3) -136.6963
(-0.3, -0.3) -136.6034
(-0.3, -0.3) -136.4958
(-0.3, -0.3) -136.4457
(-0.3, -0.3) -136.4075
(-0.3, -0.3) -136.3745
(-0.3, -0.3) -136.3609
(-0.3, -0.3) -136.3497
(-0.3, -0.3) -136.3177
(-0.3, -0.3) -136.2276
(-0.3, -0.3) -136.1448
(-0.3, -0.3) -136.071
(-0.3, -0.3) -136.0083
(-0.3, -0.3) -135.9938
(-0.3, -0.3) -135.9933
(-0.3, -0.3) -135.9617
(-0.3, -0.3) -135.8829
(-0.3, -0.3) -135.8265
(-0.3, -0.3) -135.7785
(-0.3, -0.3) -135.7047
(-0.3, -0.3) -135.6588
(-0.3, -0.3) -135.5824
(-0.3, -0.3) -135.4576
(-0.3, -0.3) -135.3224
(-0.3, -0.3) -135.1455
(-0.3, -0.3) -135.0844
(-0.3, -0.3) -135.128
(-0.3, -0.3) -135.1407
(-0.3, -0.3) -135.0825
(-0.3, -0.3) -134.8428
(-0.3, -0.3) -134.5824
(-0.3, -0.3) -134.4346
(-0.3, -0.3) -134.3159
(-0.3, -0.3) -134.2318
(-0.3, -0.3) -131.4034
(-0.4, -0.2) -123.718
(-0.4, -0.2) -120.0709
(-0.4, -0.2) -119.3541
(-0.4, -0.2) -119.1597
(-0.4, -0.2) -119.4224
(-0.4, -0.2) -120.9336
(-0.3, -0.2) -126.378
(-0.3, -0.3) -139.3529
(-0.2, -0.4) -147.4965
(-0.2, -0.4) -149.1147
(-0.2, -0.4) -149.1311
(-0.2, -0.4) -148.5903
(-0.2, -0.4) -146.0728
(-0.3, -0.3) -142.5745
(-0.3, -0.3) -140.1892
(-0.3, -0.3) -138.5269
(-0.3, -0.3) -137.4945
(-0.3, -0.3) -136.7045
(-0.3, -0.3) -135.9889
(-0.3, -0.3) -135.5261
(-0.3, -0.3) -135.0549
(-0.3, -0.3) -134.7998
(-0.3, -0.3) -134.5832
(-0.3, -0.3) -134.4872
(-0.3, -0.3) -134.7984
(-0.3, -0.3) -135.4982
(-0.3, -0.3) -136.7428
(-0.3, -0.3) -140.5397
(-0.2, -0.3) -139.3763
(-0.2, -0.2) -133.1876
(-0.2, 0.0) -95.34506
(-0.3, 0.2) -61.68489
(-0.4, 0.4) -42.82684
(-0.3, 0.5) -31.59134
(-0.2, 0.6) -17.9226
(-0.1, 0.7) -6.982694
(0.0, 0.8) -3.424398
(0.0, 0.8) -2.415894
(0.0, 0.8) -1.874193
(0.0, 0.8) -1.817362
(0.0, 0.8) -2.590877
(-0.1, 0.7) -5.252625
(-0.1, 0.6) -9.681619
(-0.1, 0.5) -11.49951
(-0.1, 0.6) -10.4856
Start time:64.57214
Start time:72.25323
(0.0, 0.5) 4.701488
(0.0, 0.5) 4.89633
(0.0, 0.5) 3.704595
(0.0, 0.5) 0.8110828
(0.0, 0.5) -2.489472
(0.0, 0.5) -3.787342
(0.0, 0.5) -4.262919
(0.0, 0.5) -4.314523
(0.0, 0.5) -4.420668
(0.0, 0.5) -4.925452
(0.0, 0.5) -5.25833
(0.0, 0.5) -4.31048
(0.0, 0.5) -1.406392
(0.1, 0.5) 6.221448
(0.1, 0.5) 9.716849
(0.1, 0.5) 8.785211
(0.0, 0.5) 3.105199
(0.0, 0.5) -4.491611
(-0.1, 0.5) -6.549727
(-0.1, 0.5) -7.067441
(-0.1, 0.5) -7.138722
(-0.1, 0.5) -5.546871
(0.0, 0.6) -4.09553
(0.0, 0.6) -2.934049
(0.0, 0.6) -2.414678
(0.0, 0.6) -2.099004
(0.0, 0.6) -1.858148
(0.0, 0.6) -1.787394
(0.0, 0.6) -1.882632
(0.0, 0.6) -2.049468
(0.0, 0.6) -2.163832
(0.0, 0.6) -2.315368
(0.0, 0.6) -2.453118
(0.0, 0.6) -2.638192
(0.0, 0.6) -2.638192
(0.0, 0.6) -2.719086
(0.0, 0.6) -2.783966
(0.0, 0.6) -2.835175
(0.0, 0.6) -2.885069
(0.0, 0.6) -2.920072
(0.0, 0.6) -2.94517
(0.0, 0.6) -2.954527
(0.0, 0.6) -3.0695
(0.0, 0.5) -3.159759
(0.0, 0.5) -3.35643
(0.0, 0.5) -3.590633
(0.0, 0.5) -3.840634
(0.0, 0.5) -4.159348
(0.0, 0.5) -4.276633
(0.0, 0.5) -3.407892
(0.0, 0.5) -1.106591
(0.0, 0.5) 2.910066
(0.1, 0.5) 5.702861
(0.1, 0.5) 6.5824
(0.1, 0.5) 6.838994
(0.1, 0.5) 6.352769
(0.0, 0.5) 4.607597
(0.0, 0.5) 2.119418
(0.0, 0.6) 0.456712
(0.0, 0.6) -0.4558544
(0.0, 0.6) -0.9155711
(0.0, 0.6) -1.128826
(0.0, 0.6) -1.286944
(0.0, 0.6) -1.416236
(0.0, 0.6) -1.592376
(0.0, 0.6) -1.830452
(0.0, 0.6) -2.124122
(0.0, 0.6) -2.877528
(0.0, 0.6) -3.601088
(0.0, 0.6) -4.141369
(0.0, 0.6) -4.777785
(-0.1, 0.6) -5.252476
(-0.1, 0.6) -5.699561
(-0.1, 0.6) -6.008966
(-0.1, 0.6) -6.293263
(-0.1, 0.6) -6.5596
(-0.1, 0.6) -6.74814
(-0.1, 0.6) -6.906659
(-0.1, 0.6) -7.108346
(-0.1, 0.6) -7.36852
(-0.1, 0.6) -7.571316
(-0.1, 0.6) -7.73931
(-0.1, 0.6) -7.883639
(-0.1, 0.6) -8.02074
(-0.1, 0.6) -8.117281
(-0.1, 0.6) -8.215134
(-0.1, 0.6) -8.339884
(-0.1, 0.6) -8.444595
(-0.1, 0.6) -8.582451
(-0.1, 0.6) -8.754928
(-0.1, 0.6) -8.917798
(-0.1, 0.6) -9.020206
(-0.1, 0.6) -8.918634
(-0.1, 0.5) -8.136318
(0.0, 0.5) -4.659258
(0.0, 0.5) -2.308765
(0.0, 0.5) -1.954346
(0.0, 0.5) -2.011784
(0.0, 0.5) -2.079237
(0.0, 0.5) -2.373061
(0.0, 0.5) -2.836763
(0.0, 0.5) -3.175703
(0.0, 0.5) -3.510507
(0.0, 0.5) -3.827969
(0.0, 0.5) -4.10575
(0.0, 0.5) -4.328391
(0.0, 0.5) -4.487379
(0.0, 0.5) -4.596701
(0.0, 0.5) -4.720698
(0.0, 0.5) -4.89901
(0.0, 0.5) -5.021725
(0.0, 0.5) -5.063221
(0.0, 0.5) -5.123614
(0.0, 0.5) -4.875078
(0.0, 0.5) -4.383874
(0.0, 0.5) -3.969508
(0.0, 0.5) -3.574729
(0.0, 0.5) -3.356955
(0.0, 0.5) -3.244677
(0.0, 0.5) -3.444237
(0.0, 0.5) -3.590742
(0.0, 0.5) -3.690243
(0.0, 0.5) -3.799678
(0.0, 0.5) -3.933331
(0.0, 0.5) -4.051202
(0.0, 0.5) -4.157794
(0.0, 0.5) -4.248883
(0.0, 0.5) -4.342666
(0.0, 0.5) -4.417388
(0.0, 0.5) -4.484934
(0.0, 0.5) -4.540967
(0.0, 0.5) -4.593376
(0.0, 0.5) -4.637599
(0.0, 0.5) -4.679144
(0.0, 0.5) -4.731599
(0.0, 0.5) -4.818369
(0.0, 0.5) -5.026131
(-0.1, 0.5) -5.635343
(-0.1, 0.5) -7.447294
(-0.1, 0.5) -11.09649
(-0.1, 0.5) -15.20935
(-0.2, 0.5) -18.23129
(-0.2, 0.5) -20.59457
(-0.2, 0.5) -26.77765
(-0.3, 0.5) -31.48889
(-0.3, 0.4) -35.18978
(-0.3, 0.4) -39.02903
(-0.4, 0.4) -42.4478
(-0.4, 0.4) -44.46016
(-0.4, 0.4) -47.58007
(-0.5, 0.3) -54.97628
(-0.5, 0.3) -61.89724
(-0.5, 0.2) -66.54035
(-0.6, 0.2) -70.22055
(-0.6, 0.2) -73.77579
(-0.6, 0.2) -76.16813
(-0.7, 0.1) -79.15512
(-0.7, 0.1) -81.60748
(-0.7, 0.0) -86.70283
(-0.7, 0.0) -91.23051
(-0.7, 0.0) -93.16374
(-0.7, 0.0) -93.52602
(-0.8, 0.0) -93.69496
(-0.8, -0.1) -93.85316
(-0.8, -0.1) -93.9382
(-0.8, -0.1) -94.04774
(-0.8, -0.1) -94.09809
(-0.8, -0.1) -94.29211
(-0.8, -0.1) -95.78261
(-0.7, -0.1) -98.06307
(-0.7, -0.1) -98.91874
(-0.7, -0.1) -98.58174
(-0.7, -0.1) -97.19659
(-0.7, -0.1) -96.28868
(-0.7, -0.1) -95.66829
(-0.7, -0.1) -95.53262
(-0.7, -0.1) -95.41575
(-0.7, -0.1) -95.25577
(-0.7, -0.1) -95.11903
(-0.7, -0.1) -95.0519
(-0.7, -0.1) -95.04987
(-0.7, -0.1) -95.44287
(-0.7, -0.1) -95.93536
(-0.7, -0.1) -96.06091
(-0.7, -0.1) -95.83888
(-0.7, -0.1) -95.61275
(-0.7, -0.1) -95.46188
(-0.7, -0.1) -95.3108
(-0.7, -0.1) -95.25893
(-0.7, -0.1) -95.16055
(-0.7, -0.1) -95.05331
(-0.7, -0.1) -94.99037
(-0.7, -0.1) -94.96633
(-0.7, -0.1) -94.92648
(-0.7, -0.1) -94.89956
(-0.7, -0.1) -94.8951
(-0.7, -0.1) -94.87511
(-0.7, -0.1) -94.86483
(-0.7, -0.1) -94.85564
(-0.7, -0.1) -94.84737
(-0.7, -0.1) -94.8448
(-0.7, -0.1) -94.83337
(-0.7, -0.1) -94.82181
(-0.7, -0.1) -94.8169
(-0.7, -0.1) -94.81129
(-0.7, -0.1) -94.80405
(-0.7, -0.1) -94.80204
(-0.7, -0.1) -94.79957
(-0.7, -0.1) -94.79385
(-0.7, -0.1) -94.79199
(-0.7, -0.1) -94.7916
(-0.7, -0.1) -94.79186
(-0.7, -0.1) -94.79232
(-0.7, -0.1) -94.79668
(-0.7, -0.1) -94.80515
(-0.7, -0.1) -94.81007
(-0.7, -0.1) -94.81992
(-0.7, -0.1) -94.83714
(-0.7, -0.1) -94.85222
(-0.7, -0.1) -94.85632
(-0.7, -0.1) -94.84898
(-0.7, -0.1) -94.84394
(-0.7, -0.1) -94.83503
(-0.7, -0.1) -94.80967
(-0.7, -0.1) -94.79736
(-0.7, -0.1) -94.79357
(-0.7, -0.1) -94.79478
(-0.7, -0.1) -94.8098
(-0.7, -0.1) -94.82084
(-0.7, -0.1) -94.82759
(-0.7, -0.1) -94.83192
(-0.7, -0.1) -94.84093
(-0.7, -0.1) -94.86098
(-0.7, -0.1) -94.89803
(-0.7, -0.1) -94.92745
(-0.7, -0.1) -94.94436
(-0.7, -0.1) -94.95342
(-0.7, -0.1) -94.94609
(-0.7, -0.1) -94.9368
(-0.7, -0.1) -94.93658
(-0.7, -0.1) -95.20478
(-0.7, -0.1) -97.58452
(-0.5, -0.3) -122.9643
(-0.3, -0.4) -147.1351
(-0.1, -0.4) -160.6888
(-0.1, -0.4) -161.1057
(-0.1, -0.4) -161.1069
(-0.1, -0.4) -170.9164
(0.3, -0.3) 131.2619
(0.5, -0.2) 108.9415
(0.6, -0.1) 99.95114
(0.6, -0.1) 97.71056
(0.6, -0.1) 97.51255
(0.6, -0.1) 97.61063
(0.6, -0.1) 97.8934
(0.6, -0.1) 98.26751
(0.6, -0.1) 98.65712
(0.6, -0.1) 99.07783
(0.5, -0.1) 99.61372
(0.5, -0.1) 100.756
(0.3, -0.1) 109.1013
(0.2, -0.2) 147.9637
(0.1, -0.3) 170.6306
(0.0, -0.4) 176.7707
(0.0, -0.4) 178.5754
(0.0, -0.4) 179.1439
(0.0, -0.4) -175.2257
(-0.1, -0.4) -171.9605
(-0.1, -0.4) -171.079
(-0.1, -0.4) -172.7876
(0.0, -0.4) -177.4943
(0.0, -0.4) 175.1282
(0.1, -0.4) 171.8042
(0.1, -0.4) 171.5778
(0.0, -0.4) 173.0727
(0.0, -0.4) 174.8324
(0.0, -0.4) 176.2879
(0.0, -0.4) 177.419
(0.0, -0.4) 178.1175
(0.0, -0.4) 178.521
(0.0, -0.4) 178.7998
(0.0, -0.4) 178.953
(0.0, -0.4) 179.06
(0.0, -0.4) 179.147
(0.0, -0.4) 179.1996
(0.0, -0.4) 179.2369
(0.0, -0.4) 179.2667
(0.0, -0.4) 179.2818
(0.0, -0.4) 179.2909
(0.0, -0.4) 179.2964
(0.0, -0.4) 179.2997
(0.0, -0.4) 179.3136
(0.0, -0.4) 179.3587
(0.0, -0.4) 178.8456
(0.0, -0.4) 174.4965
(0.2, -0.3) 154.3841
(0.2, -0.3) 145.969
(0.2, -0.3) 143.8433
(0.2, -0.3) 143.4559
(0.2, -0.3) 140.3621
(0.2, -0.2) 128.4418
(0.2, -0.1) 111.6127
(0.2, 0.0) 95.84424
(0.2, 0.1) 58.19911
(0.1, 0.2) 17.31864
(0.0, 0.2) 6.669475
(0.0, 0.3) -7.927042
(-0.2, 0.3) -29.80035
(-0.3, 0.3) -42.33678
(-0.4, 0.3) -51.23914
(-0.5, 0.2) -65.60194
(-0.5, 0.2) -71.04837
(-0.6, 0.1) -79.45594
(-0.6, 0.0) -86.93114
(-0.6, 0.0) -91.7358
(-0.7, -0.1) -97.42271
(-0.7, -0.1) -100.5161
(-0.7, -0.2) -106.8154
(-0.6, -0.3) -115.7628
(-0.6, -0.4) -121.271
(-0.5, -0.4) -127.2305
(-0.5, -0.5) -135.2962
(-0.4, -0.5) -141.6108
(-0.3, -0.5) -150.9036
(-0.2, -0.5) -156.3063
(-0.2, -0.5) -161.5818
(0.0, -0.5) -175.352
(0.0, -0.5) 178.0885
(0.0, -0.4) 174.4216
(0.1, -0.4) 170.149
(0.1, -0.4) 161.9807
(0.2, -0.4) 155.463
(0.2, -0.3) 151.9015
(0.2, -0.3) 149.2971
(0.2, -0.3) 142.8807
(0.2, -0.2) 140.3844
(0.2, -0.2) 135.8592
(0.2, -0.2) 124.2631
(0.3, -0.1) 114.542
(0.3, -0.1) 108.4032
(0.3, -0.1) 102.9476
(0.3, 0.0) 87.05428
(0.3, 0.1) 71.33073
(0.3, 0.1) 68.54877
(0.2, 0.1) 59.15486
(0.2, 0.2) 44.26116
(0.1, 0.3) 16.12446
(0.0, 0.4) 1.652445
(-0.1, 0.5) -7.890981
(-0.1, 0.5) -13.97034
(-0.2, 0.5) -17.81386
(-0.2, 0.6) -20.01325
(-0.2, 0.6) -23.55447
(-0.3, 0.5) -31.57849
(-0.4, 0.5) -37.17733
(-0.5, 0.5) -44.78537
(-0.6, 0.4) -52.99014
(-0.6, 0.4) -54.92599
(-0.6, 0.3) -63.24294
(-0.7, 0.3) -66.84303
(-0.7, 0.2) -71.76083
(-0.8, 0.2) -74.99814
(-0.8, 0.2) -77.61987
(-0.8, 0.1) -81.62044
(-0.8, 0.0) -91.08082
(-0.8, -0.1) -95.28126
(-0.7, -0.2) -104.4731
(-0.6, -0.3) -120.6689
(-0.4, -0.4) -133.2305
(-0.3, -0.4) -147.3311
(-0.2, -0.4) -161.3337
(0.0, -0.5) -177.7751
(0.1, -0.5) 168.2228
(0.2, -0.5) 153.3274
(0.3, -0.4) 139.7994
(0.4, -0.3) 128.0105
(0.4, -0.2) 114.464
(0.4, -0.1) 102.1387
(0.3, 0.0) 92.34874
(0.3, 0.1) 68.98437
(0.3, 0.2) 46.73417
(0.1, 0.5) 12.89283
(0.0, 0.6) 4.232626
(-0.1, 0.6) -5.699767
(-0.1, 0.6) -12.16559
(-0.3, 0.6) -28.12711
(-0.5, 0.5) -47.90174
(-0.6, 0.3) -66.42143
(-0.8, 0.1) -82.50291
(-0.8, -0.1) -97.22712
(-0.7, -0.2) -109.6199
(-0.4, -0.4) -131.3685
(-0.1, -0.4) -163.9773
(0.1, -0.5) 168.3144
(0.2, -0.4) 148.6467
(0.3, -0.3) 130.6192
(0.4, -0.1) 97.57186
(0.4, 0.3) 55.28461
(0.4, 0.5) 35.71088
(0.3, 0.7) 22.6098
(0.2, 0.7) 12.65105
(0.0, 0.8) 1.137116
(-0.1, 0.8) -7.804592
(-0.3, 0.7) -22.61188
(-0.5, 0.6) -43.46909
(-0.6, 0.4) -55.92256
(-0.7, 0.2) -72.44881
(-0.8, 0.0) -89.76064
(-0.7, -0.2) -102.4266
(-0.6, -0.3) -118.1536
(-0.5, -0.5) -131.3172
(-0.4, -0.5) -140.189
(-0.3, -0.6) -149.4335
(-0.3, -0.6) -157.8979
(-0.1, -0.7) -169.2866
(0.0, -0.7) 179.9315
(0.2, -0.6) 166.8286
(0.3, -0.6) 156.9878
(0.4, -0.5) 139.2234
(0.4, -0.3) 124.8415
(0.4, -0.2) 117.273
(0.4, -0.1) 101.0902
(0.4, 0.2) 65.54354
(0.3, 0.3) 44.98003
(0.3, 0.4) 34.66014
(0.2, 0.5) 19.00089
(0.0, 0.5) -3.865891
(-0.3, 0.5) -26.20375
(-0.5, 0.4) -48.71762
(-0.7, 0.2) -71.93259
(-0.8, 0.0) -86.65461
(-0.8, -0.1) -98.56338
(-0.6, -0.4) -123.3512
(-0.3, -0.4) -143.1278
(-0.1, -0.4) -166.4683
(0.1, -0.4) 162.4749
(0.3, -0.2) 129.6068
(0.4, -0.1) 111.663
(0.4, 0.2) 65.06895
(0.3, 0.5) 35.62834
(0.2, 0.5) 24.28026
(0.1, 0.6) 5.624725
(0.0, 0.7) -2.221054
(-0.1, 0.7) -9.480894
(-0.3, 0.5) -32.92302
(-0.4, 0.5) -37.17643
(-0.4, 0.5) -39.61172
(-0.5, 0.4) -49.83628
(-0.6, 0.3) -60.82267
(-0.7, 0.3) -66.19096
(-0.7, 0.3) -67.20045
(-0.7, 0.3) -67.38657
(-0.7, 0.3) -65.03053
(-0.6, 0.4) -54.94395
(-0.4, 0.5) -35.96464
(-0.2, 0.6) -21.88048
(-0.2, 0.6) -18.54165
(-0.2, 0.6) -17.08455
(-0.2, 0.6) -18.07972
(-0.2, 0.6) -19.09426
(-0.2, 0.6) -19.54043
(-0.2, 0.6) -22.38259
(-0.5, 0.4) -48.04943
(-0.8, 0.1) -80.8389
(-0.8, -0.1) -96.08195
(-0.8, -0.1) -97.39245
(-0.8, -0.1) -98.4522
(-0.5, -0.2) -113.779
(-0.3, -0.4) -137.7215
(-0.3, -0.4) -142.5443
(-0.2, -0.4) -149.764
(0.0, -0.4) -173.3497
(0.0, -0.4) 179.176
(0.0, -0.4) 177.9289
(0.0, -0.4) -175.3953
(-0.1, -0.4) -171.9549
(-0.1, -0.4) -171.2575
(0.0, -0.4) -175.0552
(0.0, -0.4) -178.2045
(0.0, -0.4) 179.2625
(0.0, -0.4) 177.8844
(0.0, -0.4) 177.2676
(0.0, -0.4) 176.9956
(0.0, -0.4) 176.9031
(0.0, -0.4) 177.1626
(0.0, -0.4) 177.8669
(0.0, -0.4) 178.7438
(0.0, -0.4) 179.2142
(0.0, -0.4) 179.6226
(0.0, -0.4) 179.7762
(0.0, -0.4) 179.6961
(0.0, -0.4) 179.6262
(0.0, -0.4) 179.573
(0.0, -0.4) 179.5352
(0.0, -0.4) 179.5138
(0.0, -0.4) 179.4868
(0.0, -0.4) 179.4572
(0.0, -0.4) 179.4373
(0.0, -0.4) 179.4155
(0.0, -0.4) 179.4029
(0.0, -0.4) 179.4082
(0.0, -0.4) 179.4112
(0.0, -0.4) 179.4078
(0.0, -0.4) 179.4019
(0.0, -0.4) 179.4003
(0.0, -0.4) 179.4059
(0.0, -0.4) 179.4263
(0.0, -0.4) 179.4472
(0.0, -0.4) 179.4868
(0.0, -0.4) 179.5424
(0.0, -0.4) 179.5951
(0.0, -0.4) 179.6423
(0.0, -0.4) 179.7259
(0.0, -0.4) 179.8092
(0.0, -0.4) 179.852
(0.0, -0.4) 179.8287
(0.0, -0.4) 179.8333
(0.0, -0.4) 179.8442
(0.0, -0.4) 179.8916
(0.0, -0.4) 179.9657
(0.0, -0.4) -179.9604
(0.0, -0.4) -179.9315
(0.0, -0.4) -179.9072
(0.0, -0.4) -179.9161
(0.0, -0.4) -179.9184
(0.0, -0.4) -179.8935
(0.0, -0.4) -179.8703
(0.0, -0.4) -179.8749
(0.0, -0.4) -179.8615
(0.0, -0.4) -179.8134
(0.0, -0.4) -179.7577
(0.0, -0.4) -179.6948
(0.0, -0.4) -179.6786
(0.0, -0.4) -179.7339
(0.0, -0.4) -179.8092
(0.0, -0.4) -179.8733
(0.0, -0.4) -179.9287
(0.0, -0.4) -180
(0.0, -0.4) 179.9315
(0.0, -0.4) 179.8765
(0.0, -0.4) 179.8322
(0.0, -0.4) 179.7851
(0.0, -0.4) 179.8113
(0.0, -0.4) 179.8881
(0.0, -0.4) 179.9657
(0.0, -0.4) -179.9407
(0.0, -0.4) -179.9138
(0.0, -0.4) -179.8381
(0.0, -0.4) -179.7444
(0.0, -0.4) -179.6967
(0.0, -0.4) -179.698
(0.0, -0.4) -179.728
(0.0, -0.4) -179.7529
(0.0, -0.4) -179.761
(0.0, -0.4) -179.7869
(0.0, -0.4) -179.856
(0.0, -0.4) -179.9407
(0.0, -0.4) 179.9558
(0.0, -0.4) 179.8899
(0.0, -0.4) 179.8381
(0.0, -0.4) 179.7888
(0.0, -0.4) 179.7428
(0.0, -0.4) 179.7537
(0.0, -0.4) 179.786
(0.0, -0.4) 179.8209
(0.0, -0.4) 179.8369
(0.0, -0.4) 179.8242
(0.0, -0.4) 179.8052
(0.0, -0.4) 179.7643
(0.0, -0.4) 179.7339
(0.0, -0.4) 179.7147
(0.0, -0.4) 179.7147
(0.0, -0.4) 179.7079
(0.0, -0.4) 179.6904
(0.0, -0.4) 179.6823
(0.0, -0.4) 179.6993
(0.0, -0.4) 179.7406
(0.0, -0.4) 179.7643
(0.0, -0.4) 179.7779
(0.0, -0.4) 179.7851
(0.0, -0.4) 179.8002
(0.0, -0.4) 179.8134
(0.0, -0.4) 179.7906
(0.0, -0.4) 179.7482
(0.0, -0.4) 179.7259
(0.0, -0.4) 179.7273
(0.0, -0.4) 179.7093
(0.0, -0.4) 179.7013
(0.0, -0.4) 179.7324
(0.0, -0.4) 179.7553
(0.0, -0.4) 179.7553
(0.0, -0.4) 179.7436
(0.0, -0.4) 179.7188
(0.0, -0.4) 179.6993
(0.0, -0.4) 179.6835
(0.0, -0.4) 179.6749
(0.0, -0.4) 179.666
(0.0, -0.4) 179.6551
(0.0, -0.4) 179.6467
(0.0, -0.4) 179.6396
(0.0, -0.4) 179.6352
(0.0, -0.4) 179.6294
(0.0, -0.4) 179.6368
(0.0, -0.4) 179.6643
(0.0, -0.4) 179.6866
(0.0, -0.4) 179.7188
(0.0, -0.4) 179.7317
(0.0, -0.4) 179.7161
(0.0, -0.4) 179.7072
(0.0, -0.4) 179.7072
(0.0, -0.4) 179.7026
(0.0, -0.4) 179.6904
(0.0, -0.4) 179.6872
(0.0, -0.4) 179.7195
(0.0, -0.4) 179.7505
(0.0, -0.4) 179.7693
(0.0, -0.4) 179.7869
(0.0, -0.4) 179.7806
(0.0, -0.4) 179.7626
(0.0, -0.4) 179.7498
(0.0, -0.4) 179.7436
(0.0, -0.4) 179.7474
(0.0, -0.4) 179.7553
(0.0, -0.4) 179.8165
(0.0, -0.4) 179.8573
(0.0, -0.4) 179.8916
(0.0, -0.4) 179.8813
(0.0, -0.4) 179.8601
(0.0, -0.4) 179.8493
(0.0, -0.4) 179.8455
(0.0, -0.4) 179.8455
(0.0, -0.4) 179.856
(0.0, -0.4) 179.8573
(0.0, -0.4) 179.8455
(0.0, -0.4) 179.8417
(0.0, -0.4) 179.8345
(0.0, -0.4) 179.8002
(0.0, -0.4) 179.7879
(0.0, -0.4) 179.9344
(0.0, -0.4) -179.9477
(0.0, -0.4) -179.8864
(0.0, -0.4) -179.8864
(0.0, -0.4) -179.9604
(0.0, -0.4) 179.9011
(0.0, -0.4) 179.712
(0.0, -0.4) 179.0562
(0.2, -0.2) 134.8163
(0.3, 0.4) 42.8236
(0.3, 0.6) 30.26603
(0.3, 0.6) 21.78556
(0.2, 0.7) 18.02098
(0.2, 0.7) 17.7497
(0.2, 0.7) 17.75772
(0.2, 0.7) 17.81235
(0.2, 0.7) 17.81216
(0.2, 0.7) 17.08437
(0.2, 0.7) 16.14395
(0.2, 0.6) 14.08077
(0.1, 0.6) 5.615345
(0.0, 0.5) -1.375012
(-0.1, 0.5) -9.418034
(-0.1, 0.4) -16.3055
(-0.2, 0.4) -30.84536
(-0.3, 0.3) -44.84878
(-0.3, 0.2) -52.61779
(-0.2, 0.2) -50.77492
(-0.2, 0.4) -31.06805
(-0.3, 0.5) -25.23004
(-0.3, 0.6) -22.60848
(-0.1, 0.7) -7.104372
(0.1, 0.8) 6.308759
(0.3, 0.8) 17.57653
(0.4, 0.7) 29.79314
(0.5, 0.5) 43.86688
(0.5, 0.2) 63.62733
(0.3, 0.0) 91.35354
(0.0, -0.1) 158.4194
(-0.5, 0.0) -85.45312
(-0.6, 0.2) -74.40379
(-0.7, 0.4) -57.92175
(-0.5, 0.5) -49.24331
(0.2, 0.7) 16.82687
(0.5, 0.4) 51.09866
(0.1, 0.1) 45.39884
(-0.7, 0.3) -66.41908
(-0.3, 0.6) -23.9531
(0.0, 0.7) 0.1297215
(0.0, 0.6) -1.558716
(0.0, 0.6) 2.854168
(0.0, 0.6) 0.1855749
Start time:144.4294
(0.0, 0.7) 2.354347
(0.0, 0.7) 3.741096
(0.1, 0.7) 6.195111
Start time:145.4766
Start time:145.8541
Start time:146.2419
(0.2, 0.3) 30.07681
(0.2, 0.0) 92.32938
(0.1, 0.0) 110.7725
(0.1, 0.5) 10.61217
(0.1, 0.7) 8.206669
(0.1, 0.8) 6.243249
(0.1, 0.8) 4.383695
(0.0, 0.9) 3.062605
(0.0, 0.9) 2.71815
(0.0, 0.9) 2.814525
(0.0, 0.9) 2.982619
(0.1, 0.9) 3.845169
(0.1, 0.8) 9.801608
(0.2, 0.8) 12.87084
(0.3, 0.8) 19.15464
(0.3, 0.6) 25.89117
(0.4, 0.6) 33.01631
(0.4, 0.5) 36.54225
(0.4, 0.5) 37.18962
(0.4, 0.5) 37.54094
(0.4, 0.5) 39.13987
(0.4, 0.5) 42.4245
(0.4, 0.5) 44.85447
(0.5, 0.4) 45.70992
(0.5, 0.5) 45.17033
(0.5, 0.5) 44.39354
(0.4, 0.5) 43.79448
(0.4, 0.5) 43.24496
(0.4, 0.5) 42.57057
(0.4, 0.5) 41.509
(0.4, 0.5) 40.48738
(0.4, 0.5) 39.59209
(0.4, 0.5) 39.01725
(0.4, 0.5) 37.81811
(0.4, 0.5) 35.40881
(0.3, 0.5) 32.49928
(0.3, 0.6) 30.22487
(0.3, 0.6) 28.99443
(0.3, 0.6) 27.98616
(0.3, 0.6) 27.04805
(0.3, 0.6) 23.1611
(0.2, 0.6) 18.7775
(0.2, 0.6) 17.41515
(0.2, 0.7) 17.04677
(0.2, 0.7) 16.96169
(0.2, 0.7) 16.88184
(0.2, 0.7) 15.95416
(0.2, 0.7) 14.2992
(0.1, 0.7) 12.89963
(0.1, 0.7) 12.73757
(0.2, 0.7) 13.04398
(0.2, 0.7) 12.64085
(0.1, 0.7) 11.27245
(0.1, 0.7) 10.07345
(0.1, 0.7) 9.9327
(0.1, 0.7) 12.29459
(0.3, 0.6) 31.69174
(0.6, 0.3) 64.94824
(0.6, 0.1) 83.84193
(0.6, -0.1) 96.53139
(0.5, -0.1) 105.0826
(0.4, -0.2) 115.7833
(0.4, -0.2) 118.5711
(0.3, -0.2) 126.5528
(0.1, -0.2) 156.436
(-0.1, -0.2) -157.2252
(-0.2, -0.3) -140.9409
(-0.6, -0.2) -111.0309
(-0.8, -0.1) -95.86868
(-0.9, -0.1) -94.7544
(-0.9, -0.1) -93.27491
(-0.9, 0.0) -91.32494
(-0.9, 0.0) -90.91988
(-0.9, 0.0) -91.10929
(-0.9, 0.0) -90.9208
(-1.0, 0.0) -90.00392
(-1.0, 0.0) -88.29605
Start time:155.6336
(-0.6, 0.4) -57.25235
(-0.6, 0.5) -51.37642
(-0.6, 0.5) -50.15321
(-0.6, 0.5) -49.91342
(-0.6, 0.5) -50.15983
Start time:156.1878
(-0.1, 0.8) -6.948564
(-0.1, 0.7) -10.85884
(-0.2, 0.7) -18.72848
Start time:156.6267
(-1.0, 0.2) -79.98312
(-0.8, -0.3) -109.6203
(-0.2, -0.4) -149.453
(0.4, -0.2) 110.6933
Start time:157.0895
(-0.8, 0.1) -85.01807
(-0.2, -0.2) -134.6412
(0.4, 0.1) 76.02264
(0.2, 0.4) 29.29068
(-0.2, 0.3) -39.30166
(-0.2, 0.2) -48.73377
(0.2, 0.2) 46.88351
(0.1, 0.2) 16.82848
(0.0, 0.2) 1.391986
(0.0, 0.2) -1.954646
(0.0, 0.2) -2.143841
(0.0, 0.2) -2.038361
(0.0, 0.2) 5.623959
(0.1, 0.3) 13.11517
(0.0, 0.3) 8.627166
(0.0, 0.2) -6.134338
(-0.1, 0.1) -38.95512
(-0.1, 0.1) -35.79448
(-0.1, 0.2) -19.64027
(0.0, 0.2) -8.468839
(0.0, 0.2) 10.8042
(0.1, 0.2) 20.12285
(0.1, 0.2) 23.24689
(0.1, 0.2) 23.94321
(0.1, 0.2) 23.98421
(0.1, 0.2) 24.06088
(0.2, 0.2) 42.82463
(0.3, 0.2) 56.82109
(0.3, 0.2) 62.49248
(0.3, 0.2) 62.30519
(0.3, 0.2) 59.78734
(0.3, 0.2) 53.43631
(0.2, 0.2) 45.88829
(0.2, 0.2) 41.80479
(0.2, 0.2) 41.84618
(0.2, 0.2) 48.31101
(0.3, 0.2) 55.49142
(0.3, 0.2) 58.70839
(0.3, 0.2) 59.63211
(0.3, 0.2) 59.78354
(0.3, 0.2) 58.40755
(0.3, 0.2) 56.74748
(0.3, 0.2) 55.69437
(0.3, 0.2) 54.89017
(0.3, 0.2) 54.08525
(0.3, 0.2) 53.25949
(0.3, 0.2) 51.99148
(0.3, 0.2) 50.65684
(0.2, 0.2) 49.54196
(0.2, 0.2) 48.40981
(0.2, 0.2) 47.58861
(0.2, 0.2) 46.35622
(0.2, 0.2) 42.37483
(0.2, 0.2) 37.74284
(0.2, 0.2) 35.86819
(0.2, 0.2) 35.34554
(0.1, 0.2) 31.25847
(-0.1, 0.1) -56.79114
(-0.3, -0.2) -130.6398
(-0.4, -0.5) -141.3246
(-0.4, -0.5) -144.3263
(-0.4, -0.5) -144.7278
(-0.4, -0.5) -144.6603
(-0.4, -0.5) -142.6971
(-0.4, -0.5) -140.3347
(-0.4, -0.5) -138.1551
(-0.4, -0.5) -136.7194
(-0.4, -0.5) -136.0092
(-0.4, -0.5) -136.0092
(-0.4, -0.5) -136.0092
(-0.4, -0.5) -135.9626
(-0.4, -0.5) -135.9221
(-0.4, -0.5) -135.9221
(-0.4, -0.5) -135.9221
(-0.4, -0.4) -135.8172
(-0.4, -0.4) -135.9035
(-0.4, -0.4) -136.7491
(-0.4, -0.4) -139.4739
(-0.4, -0.4) -140.2726
(-0.4, -0.4) -139.5576
(-0.4, -0.4) -138.8201
(-0.4, -0.4) -138.0906
(-0.4, -0.4) -137.6063
(-0.4, -0.4) -137.3845
(-0.4, -0.4) -137.1796
(-0.4, -0.4) -137.1201
(-0.4, -0.4) -137.092
(-0.4, -0.4) -137.1353
(-0.4, -0.4) -137.166
(-0.4, -0.4) -137.1782
(-0.4, -0.4) -137.1832
(-0.4, -0.4) -137.1978
(-0.4, -0.4) -137.2064
(-0.4, -0.4) -137.2176
(-0.4, -0.4) -137.2189
(-0.4, -0.4) -137.2197
(-0.4, -0.4) -137.2198
(-0.4, -0.4) -137.219
(-0.4, -0.4) -137.2049
(-0.4, -0.4) -137.1977
(-0.4, -0.4) -137.195
(-0.4, -0.4) -137.19
(-0.4, -0.4) -137.1656
(-0.4, -0.4) -137.1442
(-0.4, -0.4) -137.1481
(-0.4, -0.4) -137.3836
(-0.4, -0.4) -137.9285
(-0.4, -0.4) -138.9932
(-0.4, -0.4) -141.232
(-0.3, -0.4) -142.4612
(-0.3, -0.4) -142.908
(-0.3, -0.4) -143.1282
(-0.3, -0.4) -143.259
(-0.4, -0.4) -140.8074
(-0.5, -0.4) -133.1374
(-0.5, -0.4) -129.8398
(-0.5, -0.4) -129.4185
(-0.5, -0.4) -129.3578
(-0.5, -0.4) -128.8861
(-0.5, -0.4) -127.6225
(-0.5, -0.4) -126.3816
(-0.6, -0.4) -125.3435
(-0.6, -0.4) -124.8302
(-0.6, -0.4) -124.5996
(-0.6, -0.4) -124.8147
(-0.6, -0.4) -125.1471
(-0.5, -0.4) -125.5203
(-0.5, -0.4) -125.7439
(-0.5, -0.4) -125.7278
(-0.5, -0.4) -125.6909
(-0.5, -0.4) -125.7031
(-0.5, -0.4) -125.7902
(-0.5, -0.4) -125.8678
(-0.5, -0.4) -126.1202
(-0.5, -0.4) -127.134
(-0.4, -0.4) -136.7486
(-0.3, -0.4) -147.6932
(-0.2, -0.4) -153.803
(-0.2, -0.4) -155.8005
(-0.2, -0.4) -156.3977
(-0.2, -0.4) -155.6725
(-0.2, -0.4) -154.9471
(-0.2, -0.4) -154.481
(-0.2, -0.4) -154.2931
(-0.2, -0.4) -154.1788
(-0.2, -0.4) -153.9805
(-0.2, -0.4) -153.7476
(-0.2, -0.4) -152.3006
(-0.3, -0.4) -146.6618
(-0.3, -0.4) -138.7217
(-0.4, -0.4) -133.1416
(-0.4, -0.4) -131.7567
(-0.4, -0.4) -130.9925
(-0.4, -0.4) -129.8699
(-0.5, -0.4) -128.1242
(-0.5, -0.4) -126.4671
(-0.5, -0.4) -125.4614
(-0.5, -0.3) -124.3506
(-0.5, -0.3) -123.5933
(-0.5, -0.3) -123.2764
(-0.5, -0.3) -123.7284
(-0.5, -0.3) -125.1655
(-0.4, -0.3) -128.9652
(-0.4, -0.3) -133.7599
(-0.3, -0.3) -136.9397
(-0.3, -0.3) -138.218
(-0.3, -0.3) -139.3754
(-0.3, -0.3) -140.6175
(-0.3, -0.3) -143.0151
(-0.2, -0.3) -146.335
(-0.2, -0.3) -147.1026
(-0.2, -0.3) -147.2007
(-0.2, -0.3) -147.6499
(-0.2, -0.3) -149.0093
(-0.2, -0.3) -151.6272
(-0.2, -0.3) -154.1644
(-0.1, -0.3) -154.6839
(-0.2, -0.3) -149.3297
(-0.3, -0.3) -133.6602
(-0.4, -0.3) -125.4874
(-0.4, -0.3) -123.4113
(-0.4, -0.3) -122.7839
(-0.4, -0.3) -122.44
(-0.4, -0.3) -125.8016
(-0.2, -0.3) -136.533
(-0.2, -0.3) -145.4488
(-0.1, -0.3) -149.7715
(-0.1, -0.3) -150.4037
(-0.2, -0.3) -141.9738
(-0.4, -0.3) -125.347
(-0.4, -0.3) -122.5413
(-0.4, -0.3) -122.3714
(-0.3, -0.3) -128.5103
(-0.2, -0.2) -138.3443
(-0.2, -0.2) -140.786
(-0.2, -0.2) -140.8549
(-0.3, -0.2) -129.3662
(-0.4, -0.2) -119.351
(-0.4, -0.2) -117.862
(-0.4, -0.2) -117.4943
(-0.4, -0.2) -117.2393
(-0.5, -0.2) -117.4744
(-0.4, -0.2) -117.6473
(-0.4, -0.2) -115.1097
(-0.4, -0.1) -105.1707
(-0.4, 0.0) -84.62319
(-0.5, 0.1) -72.23551
(-0.5, 0.3) -61.20723
(-0.5, 0.4) -53.59671
(-0.5, 0.5) -43.52506
(-0.3, 0.6) -29.8725
(-0.1, 0.7) -11.10938
(0.1, 0.8) 4.273747
(0.2, 0.8) 16.34946
(0.4, 0.8) 28.80003
(0.5, 0.6) 42.87884
(0.5, 0.3) 63.68856
(0.4, -0.1) 104.5231
(0.3, -0.2) 128.2656
(0.1, -0.4) 165.9851
(-0.3, -0.5) -151.1616
(-0.7, -0.4) -119.4165
(-0.8, -0.2) -103.9467
(-0.8, 0.1) -84.26778
(-0.4, 0.5) -34.66069
(0.3, 0.9) 20.06818
(0.0, 1.0) 0.1282043
(0.0, 1.0) -0.5517841
(-0.1, 1.0) -3.617795
(-0.1, 1.0) -5.550438
(-0.1, 0.9) -7.449875
(-0.1, 0.9) -7.914627
(-0.1, 0.9) -8.884315
(-0.2, 0.9) -9.773362
(-0.2, 0.9) -10.41886
(-0.2, 0.9) -11.34621
(-0.3, 0.9) -17.94462
(-0.2, 0.7) -13.47177
(-0.1, 0.7) -12.3713
(-0.2, 0.7) -13.2747
(-0.2, 0.7) -13.50578
(-0.1, 0.5) -15.94324
(-0.1, 0.4) -17.82391
(-0.1, 0.5) -15.8827
(-0.1, 0.5) -16.73378
(-0.1, 0.6) -13.63001
(-0.1, 0.7) -12.2333
(-0.1, 0.7) -11.12302
(-0.1, 0.7) -5.46637
(0.4, 0.7) 29.02747
(0.4, 0.6) 34.54619
(0.4, 0.6) 32.96786
(0.4, 0.6) 32.47243
(0.5, 0.6) 39.02855
(0.7, 0.5) 51.43277
(0.6, 0.3) 62.31705
(0.6, 0.3) 60.02714
(0.7, 0.4) 59.31737
(0.6, 0.2) 71.84312
(0.5, 0.2) 64.09001
(-0.2, 0.5) -20.99008
(-0.1, 0.8) -8.908254
(-0.1, 0.9) -6.781886
(-0.1, 0.8) -4.130953
(-0.6, 0.6) -47.58741
(-0.7, 0.4) -58.17099
(-0.7, 0.3) -65.92289
(-0.5, 0.5) -49.2697
(0.4, 0.9) 22.21445
(0.4, 0.9) 22.76679
(0.3, 0.8) 23.77445
(0.3, 0.6) 23.85059
(0.2, 0.5) 26.25499
(0.2, 0.5) 22.87023
(-0.2, 0.6) -22.86544
(-0.2, 0.4) -29.60522
(0.3, 0.9) 18.20271
(0.3, 0.9) 17.12922
(0.3, 0.8) 18.37015
(0.2, 0.7) 18.89348
(0.2, 0.7) 18.199
(0.2, 0.9) 14.26407
(0.2, 0.7) 17.34296
(0.2, 0.7) 17.75735
(0.2, 0.8) 16.41222
(0.2, 0.6) 18.44413
(0.2, 0.7) 15.43985
(0.2, 0.6) 17.2081
(0.2, 0.8) 14.08407
(-0.3, 0.7) -27.76134
(-0.4, 0.4) -45.11056
(-0.4, 0.4) -45.89294
(-0.4, 0.6) -37.53193
(-0.4, 0.5) -39.02023
(-0.4, 0.6) -32.9355
(0.5, 0.8) 29.95856
Start time:0.1700231
(0.2, 0.6) 16.04262
(0.1, 0.6) 9.271523
(0.1, 0.6) 5.228022
(0.0, 0.6) 3.992481
(0.0, 0.6) 1.738325
(0.0, 0.6) 0.2055842
(0.0, 0.6) -0.6667597
(0.0, 0.6) -2.056427
(-0.2, 0.5) -24.43362
(-0.5, 0.2) -64.6889
(-0.6, 0.0) -91.10786
(-0.7, -0.1) -98.4483
(-0.7, -0.1) -99.51266
(-0.7, -0.2) -103.2495
(-0.5, -0.3) -122.994
(-0.3, -0.5) -147.1783
(-0.2, -0.5) -156.6044
(-0.2, -0.5) -158.2121
(-0.2, -0.5) -157.7564
(-0.2, -0.5) -155.5239
(-0.3, -0.5) -146.3938
(-0.4, -0.4) -137.1481
(-0.4, -0.4) -137.1481
(-0.4, -0.4) -135.4527
(-0.6, -0.4) -127.6134
(-0.6, -0.4) -126.4234
(-0.6, -0.4) -124.8165
(-0.6, -0.2) -109.4154
(-0.7, 0.0) -91.52485
(-0.6, 0.2) -71.5514
(-0.3, 0.5) -30.98577
(0.1, 0.5) 10.11239
(0.3, 0.3) 46.3954
(0.4, 0.0) 88.5477
(0.4, -0.3) 130.528
(0.1, -0.5) 165.5053
(-0.4, -0.5) -145.202
(-0.8, -0.3) -111.5875
(-0.8, 0.0) -92.05589
(-0.6, 0.1) -79.43354
(-0.2, 0.3) -25.67995
(0.1, 0.4) 17.88567
(0.4, 0.2) 61.62378
(0.3, -0.1) 110.0901
(0.0, -0.4) 178.2149
(-0.5, -0.4) -126.7331
(-0.7, -0.1) -94.02332
(-0.6, 0.2) -74.5945
(-0.4, 0.2) -59.51551
(0.1, 0.3) 12.89185
(0.3, 0.2) 56.64047
(0.4, 0.0) 91.32936
(0.0, -0.4) -173.2149
(-0.5, -0.4) -132.7531
(-0.5, -0.4) -131.5158
(-0.5, -0.4) -130.7408
(-0.3, -0.2) -123.6499
(-0.2, -0.2) -121.4671
(-0.2, -0.1) -122.6474
(-0.2, -0.1) -122.0759
(0.1, -0.1) 154.3462
(0.4, -0.2) 110.9657
(0.5, -0.1) 100.1852
(0.4, 0.2) 64.06999
(0.1, 0.4) 12.81868
(-0.4, 0.3) -55.39436
(-0.6, -0.1) -99.57187
(-0.3, -0.3) -132.6819
(0.1, 0.1) 53.7617
(0.2, 0.4) 24.0236
(-0.4, 0.0) -83.06446
(-0.4, -0.2) -113.4369
(0.0, 0.3) -8.511632
(-0.1, 0.2) -21.43723
(-0.4, -0.1) -107.6432
(-0.6, 0.1) -75.64826
(-0.5, 0.2) -69.7501
(-0.6, -0.2) -109.7533
(-0.7, -0.3) -115.5175
(-0.6, -0.3) -114.3385
(-0.3, -0.3) -134.3339
(-0.2, -0.5) -161.9076
(0.0, -0.5) -176.5887
(0.0, -0.5) 176.2771
(0.0, -0.5) -179.5524
(-0.4, -0.4) -135.9088
(-0.8, -0.2) -104.5987
(-0.9, 0.0) -88.48841
(-0.5, 0.4) -49.25483
(0.0, 0.6) 3.792147
(0.3, 0.5) 29.85395
(0.4, 0.2) 67.31841
(0.4, -0.1) 106.0231
(0.2, -0.4) 147.5413
(-0.2, -0.5) -153.4408
(-0.6, -0.4) -122.8433
(-0.6, -0.2) -109.6229
(-0.6, -0.2) -106.3681
(-0.6, -0.2) -105.8585
(-0.5, -0.1) -104.1859
(0.0, 0.5) 4.988609
(0.0, 0.5) -1.091457
(0.0, 0.5) -1.785751
Start time:0.1681486
(-0.6, 0.3) -65.91462
(-0.4, 0.2) -64.31536
(-0.4, 0.2) -63.86089
(-0.4, 0.2) -63.35488
(-0.4, 0.2) -62.57076
(-0.3, 0.2) -62.53118
(-0.3, 0.1) -65.5881
(-0.4, 0.1) -77.56478
(-0.5, 0.1) -83.08954
(-0.5, 0.0) -84.1025
(-0.4, 0.0) -83.6425
(-0.2, 0.1) -52.61917
(0.1, 0.2) 24.01288
(0.1, 0.2) 26.76932
(0.1, 0.4) 14.784
(0.1, 0.6) 10.45376
(0.1, 0.7) 8.119989
(0.1, 0.8) 7.903732
(0.2, 0.8) 11.90476
(0.2, 0.8) 15.68011
(0.2, 0.7) 18.00759
(0.3, 0.7) 22.62453
(0.5, 0.7) 34.10545
(0.5, 0.7) 37.89816
(0.5, 0.6) 38.83616
(0.6, 0.6) 44.39318
(0.6, 0.6) 48.0844
(0.6, 0.6) 48.76231
(0.6, 0.6) 48.9502
(-0.4, 0.4) -47.64371
(-0.4, 0.4) -46.34041
(-0.4, 0.4) -45.29778
(-0.4, 0.4) -46.2631
(-0.4, 0.4) -46.56005
(-0.4, 0.4) -45.82734
(-0.4, 0.4) -44.81796
(-0.4, 0.4) -43.64336
(-0.4, 0.4) -43.03396
(-0.3, 0.4) -38.99596
(-0.3, 0.4) -38.99596
(-0.3, 0.4) -38.99596
(-0.3, 0.4) -38.99596
(-0.3, 0.4) -38.99596
(-0.3, 0.4) -38.99596
(-0.3, 0.4) -38.99596
(-0.3, 0.4) -38.99596
(-0.3, 0.4) -38.99596
(-0.3, 0.4) -38.99596
(-0.3, 0.4) -38.99596
(-0.3, 0.4) -38.99596
(-0.3, 0.4) -38.99596
(-0.3, 0.4) -38.99596
(-0.3, 0.4) -38.99596
(-0.3, 0.4) -38.99596
(-0.3, 0.4) -38.99596
(-0.3, 0.4) -38.99596
(-0.3, 0.4) -38.99596
(-0.3, 0.4) -38.99596
(-0.3, 0.4) -38.99596
(-0.3, 0.4) -38.99596
(-0.3, 0.4) -38.99596
(-0.3, 0.4) -38.99596
(-0.3, 0.4) -38.99596
(-0.3, 0.4) -38.99596
(-0.3, 0.4) -38.99596
(-0.3, 0.4) -38.99596
(-0.3, 0.4) -38.99596
(-0.3, 0.4) -38.99596
(-0.3, 0.4) -38.99596
(-0.2, 0.8) -17.77578
(-0.2, 0.7) -12.71355
(-0.1, 0.6) -8.989573
(-0.1, 0.6) -9.204065
(-0.1, 0.5) -9.958445
(-0.1, 0.5) -10.245
(-0.1, 0.5) -10.61361
(-0.1, 0.5) -10.73306
(-0.1, 0.6) -10.87328
(-0.1, 0.6) -10.26188
(-0.1, 0.6) -9.054927
(-0.1, 0.6) -10.3161
(-0.3, 0.5) -32.44289
(-0.7, 0.3) -62.71317
(-0.7, 0.3) -64.74053
(-0.7, 0.3) -67.8226
(-0.7, 0.4) -61.69036
(-0.7, 0.4) -58.64732
(-0.2, 0.4) -22.28575
(0.4, 0.2) 57.34415
(0.6, 0.2) 75.0837
(0.6, 0.1) 77.7028
(0.7, 0.1) 79.92446
(0.7, 0.1) 83.43401
(0.7, 0.1) 85.1759
(0.7, 0.1) 85.45714
(0.7, 0.1) 85.54857
(0.7, 0.1) 85.58609
(0.7, 0.1) 85.59539
(0.7, 0.1) 85.6069
Start time:0.1604923
Start time:3.694766
(0.0, -1.0) -178.8107
(-0.2, -1.0) -171.3171
(-0.1, -0.1) -121.351
(-0.2, 0.0) -87.84502
(-0.2, 0.1) -69.03253
(-0.2, 0.1) -55.00203
(-0.2, 0.2) -51.44452
(-0.2, 0.2) -49.12026
(-0.2, 0.2) -47.42662
(-0.3, 0.2) -52.54908
(-0.4, 0.3) -51.55689
(-0.3, 0.4) -37.41976
(-0.1, 0.5) -14.43607
(0.1, 0.6) 6.606458
(0.1, 0.6) 9.607972
(0.2, 0.6) 16.66741
(0.3, 0.7) 22.95882
(0.3, 0.7) 24.26684
(0.3, 0.7) 21.09669
(0.1, 0.7) 6.641157
(-0.2, 0.6) -18.10437
(-0.4, 0.3) -52.73148
(-0.5, -0.1) -101.7153
(-0.3, -0.4) -142.2977
(0.0, -0.5) -179.5898
(0.2, -0.5) 152.4587
(0.4, -0.3) 125.0151
(0.6, 0.0) 93.21754
(0.6, 0.3) 66.90233
(0.6, 0.5) 51.03849
(0.4, 0.5) 40.19663
(0.3, 0.5) 33.01085
(0.3, 0.5) 27.95379
(0.2, 0.5) 22.74707
(0.2, 0.5) 19.01033
(-0.1, 0.4) -8.408987
(-0.1, 0.4) -15.23957
(-0.1, 0.4) -22.37917
(-0.2, 0.3) -33.74158
(-0.2, 0.3) -34.46139
(-0.2, 0.3) -30.72041
(-0.2, 0.4) -21.16209
(0.0, 0.5) -1.700654
(0.0, 0.6) 3.325725
(0.0, 0.5) 4.349381
(0.0, 0.6) 4.427442
(0.0, 0.6) 4.404067
(0.1, 0.6) 7.557982
(0.0, 0.7) 1.491478
(-0.1, 0.7) -5.760685
(-0.1, 0.7) -5.932371
(0.0, 0.6) -4.117086
(0.0, 0.5) -3.719628
(0.0, 0.4) -4.099497
(0.0, 0.4) -4.174951
(0.0, 0.4) -4.203794
(0.0, 0.5) -4.06192
(0.0, 0.6) -1.189925
(0.1, 0.8) 10.11849
(0.2, 0.7) 15.87584
(0.2, 0.7) 19.68917
(0.4, 0.6) 29.39607
(0.5, 0.4) 48.20101
(0.5, 0.2) 64.98625
(0.5, 0.2) 71.48438
(0.5, 0.0) 88.54533
(0.5, -0.1) 97.33647
(0.5, -0.1) 98.20098
(0.5, -0.1) 98.15926
(0.4, 0.0) 93.13482
(0.3, 0.1) 76.81656
(0.1, 0.3) 20.43607
(0.0, 0.4) 6.276979
(0.0, 0.4) 1.478432
(-0.4, 0.0) -86.48901
(-0.5, -0.4) -124.1172
(-0.5, -0.6) -137.8219
(-0.4, -0.7) -151.1518
(-0.1, -0.8) -174.6821
(0.2, -0.7) 162.0082
(0.5, -0.4) 128.5973
(0.6, 0.1) 84.87544
(0.5, 0.3) 62.66449
(-0.2, 0.1) -67.94617
(-0.5, -0.2) -111.505
(-0.6, -0.4) -122.3471
(-0.7, -0.6) -132.0883
